
4 chmury 1 zaburzona

-----------------------------------------------------------------------
0

INFO: HomogMatrix:
1  0  0  0  0  1  0  0  0  0  1  0  

NOTICE: view number: 5
NOTICE: transformacja: 
    0.999999 -0.000606572  -0.00111939   0.00012186
 0.000607586     0.999999  0.000905164 -0.000133472
  0.00111884 -0.000905844     0.999999 -0.000176498
           0            0            0            1

NOTICE: distances: 

 3.26965e-08 3.34759e-08 3.30853e-08 3.4807e-08 3.27532e-08 3.30857e-08 3.28167e-08 2.80721e-08 2.57489e-08 7.93121e-09 2.66094e-08 2.7404e-08 5.86599e-09 5.89805e-09 1.11245e-08 1.07657e-08 7.76578e-09 1.67903e-08 8.96184e-09 9.09696e-09 8.87897e-09 7.83324e-09 7.74789e-09 7.61798e-09 7.66661e-09 6.63414e-09 6.31434e-09 1.09684e-08 1.11143e-08 7.39945e-09 1.32689e-08 1.25499e-08 9.26719e-09 6.23194e-09 9.13923e-09 6.257e-09 6.66094e-09 7.26679e-09 6.98328e-09 6.99164e-09 8.54077e-09 8.15052e-09 5.10255e-09 8.37979e-09 8.78058e-09 1.00289e-08 9.97498e-09 9.70244e-09 8.03482e-09 9.19331e-09 1.38322e-08 1.38198e-08 1.0977e-08 9.26003e-09 1.20684e-08 1.44214e-08 8.22379e-09 8.32286e-09 1.21603e-08 1.19972e-08 7.26776e-09 7.36218e-09 7.32184e-09 1.62465e-08 1.5925e-08 1.49462e-08 4.69318e-08 4.48965e-08 4.5371e-08 3.4019e-08 4.3516e-08 3.56884e-08 3.37849e-08 3.76222e-08 3.42378e-08 4.19882e-08 4.21747e-08 4.02883e-08 3.75617e-08 3.68336e-08 3.4803e-08 3.79748e-08 3.76638e-08 3.43062e-08 3.36329e-08 3.87774e-08 4.92737e-08 4.20298e-08 4.05873e-08 4.16225e-08 3.72085e-08 3.68845e-08 4.03435e-08 4.10438e-08 4.08689e-08 3.4504e-08 3.38294e-08 3.54307e-08 3.79235e-08 3.93753e-08 3.88281e-08 3.73987e-08 3.38486e-08 3.46913e-08 3.32789e-08 3.47865e-08 4.96931e-08 3.53372e-08 3.75025e-08 3.62434e-08 5.48331e-08 5.65067e-08 3.62373e-08 3.64953e-08 3.47495e-08 3.89687e-08 3.71102e-08 3.7679e-08 5.50265e-08 5.60052e-08 4.17322e-08 3.73221e-08 3.7407e-08 3.44278e-08 5.06349e-08 5.08464e-08 4.92363e-08 4.95064e-08 4.90442e-08 5.12675e-08 4.79991e-08 4.95984e-08 4.88139e-08 3.77002e-08 3.75617e-08 4.9536e-08 4.18908e-08 4.11965e-08 4.10553e-08 3.48699e-08 3.59226e-08 3.41062e-08 4.19214e-08 4.15864e-08 4.02344e-08 3.81586e-08 3.72758e-08 3.72979e-08 5.33343e-08 5.22579e-08 4.78699e-08 4.84196e-08 4.57977e-08 4.5901e-08 3.05702e-08 5.38648e-08 4.16534e-08 3.07043e-08 5.27673e-08 5.26383e-08 4.77789e-08 4.77261e-08 4.6358e-08 4.43951e-08 5.60436e-08 5.22823e-08 5.06808e-08 5.05096e-08 4.85351e-08 4.9796e-08 5.20712e-08 5.29558e-08 4.74459e-08 4.66676e-08 4.67901e-08 5.35474e-08 5.07144e-08 5.03883e-08 5.1752e-08 4.97328e-08 4.92436e-08 3.98138e-08 4.06329e-08 3.07064e-08 5.54569e-08 4.98285e-08 4.79659e-08 4.93855e-08 5.36768e-08 5.25218e-08 5.2361e-08 5.15423e-08 4.98703e-08 4.80992e-08 3.55905e-08 3.45227e-08 4.65249e-08 4.98761e-08 5.2699e-08 5.0052e-08 4.96735e-08 4.66249e-08 5.03581e-08 4.79504e-08 3.96801e-08 3.59665e-08 4.31961e-08 3.03987e-08 5.24912e-08 5.27387e-08 4.80273e-08 4.29134e-08 4.26021e-08 4.10625e-08 3.73334e-08 5.09974e-08 5.26954e-08 4.70148e-08 3.8623e-08 4.77115e-08 3.18989e-08 4.44581e-08 4.61295e-08 5.42972e-08 3.63899e-08 3.80153e-08 4.30761e-08 5.02532e-08 2.66794e-08 2.79509e-08 2.66256e-08 2.70469e-08 2.05751e-08 2.30647e-08 2.63701e-08 2.67836e-08 3.67221e-08 3.82196e-08 4.65277e-08 4.67743e-08 5.56826e-08 2.72208e-08 2.69244e-08 2.62182e-08 2.67944e-08 2.54731e-08 2.69111e-08 2.88335e-08 3.054e-08 2.57798e-08 2.10303e-08 2.10587e-08 2.18009e-08 2.14396e-08 2.91372e-08 2.21422e-08 2.32473e-08 2.24593e-08 2.03319e-08 2.08861e-08 2.52385e-08 2.09197e-08 2.0963e-08 2.09274e-08 3.12844e-08 2.82471e-08 3.5904e-08 4.08097e-08 3.66175e-08 3.7171e-08 3.91562e-08 4.78391e-08 5.00962e-08 4.8684e-08 4.98514e-08 4.88512e-08 4.99535e-08 5.02501e-08 5.68361e-08 2.64065e-08 2.64368e-08 2.60548e-08 2.43434e-08 2.29865e-08 2.74712e-08 2.79008e-08 2.93656e-08 2.97626e-08 2.58384e-08 2.67934e-08 2.58236e-08 2.61553e-08 2.87051e-08 2.83302e-08 2.71719e-08 2.84786e-08 2.22009e-08 2.56851e-08 2.42595e-08 2.40563e-08 2.1623e-08 2.90097e-08 2.24909e-08 2.16842e-08 2.01691e-08 2.05543e-08 2.05083e-08 3.11298e-08 2.34517e-08 2.99488e-08 3.46644e-08 3.55758e-08 3.59088e-08 3.77573e-08 3.71719e-08 5.04128e-08 2.66637e-08 2.64789e-08 2.43102e-08 2.26704e-08 2.76987e-08 2.46356e-08 2.97767e-08 2.97536e-08 2.89679e-08 2.62516e-08 2.50551e-08 2.5583e-08 2.60206e-08 2.68898e-08 2.99015e-08 2.59487e-08 2.65509e-08 2.55159e-08 2.62252e-08 2.75021e-08 2.5255e-08 3.01003e-08 2.65136e-08 2.69436e-08 3.0155e-08 2.97171e-08 3.14309e-08 3.38717e-08 3.80256e-08 3.79814e-08 3.97023e-08 3.62688e-08 4.02347e-08 4.76603e-08 4.85062e-08 3.0504e-08 3.12081e-08 2.64032e-08 3.07996e-08 2.82172e-08 3.00518e-08 3.59363e-08 3.18744e-08 3.21721e-08 3.72949e-08 3.47377e-08 4.27761e-08 4.5688e-08 5.56052e-08 5.72785e-08 2.88888e-08 3.30768e-08 3.34254e-08 3.32176e-08 4.36034e-08 2.03807e-08 2.48887e-08 5.40582e-08 5.46678e-08 3.04158e-08 4.00355e-08 4.09071e-08 2.41777e-08 3.70988e-08 4.33155e-08 5.22353e-08 2.95233e-08 2.81101e-08 3.06182e-08 2.19814e-08 2.89181e-08 3.86693e-08 4.88037e-08 5.06213e-08 3.10083e-08NOTICE: 
distance_sum 1.3094e-05

-----------------------------------------------------------------------
0.001

INFO: HomogMatrix:
1  0  0  0.001  0  1  0  0  0  0  1  0  

NOTICE: view number: 5

NOTICE: transformacja: 
    0.999999    0.0016677 -0.000160774   7.8168e-05
 -0.00166794     0.999997  -0.00149951  0.000144018
 0.000158273   0.00149978     0.999999 -4.59373e-05
           0            0            0            1

NOTICE: distances: 

 1.45792e-08 1.4334e-08 1.51038e-08 1.58001e-08 1.35347e-08 1.4112e-08 1.40753e-08 1.28229e-08 1.04904e-08 3.63392e-08 1.05806e-08 1.05001e-08 3.8209e-08 4.24351e-08 2.58307e-08 2.71212e-08 3.27186e-08 1.92168e-08 2.95242e-08 2.95138e-08 2.87825e-08 3.37687e-08 3.24647e-08 3.31139e-08 3.28062e-08 3.59378e-08 3.82583e-08 2.63684e-08 2.61981e-08 3.53412e-08 2.28151e-08 2.26426e-08 2.8374e-08 3.8142e-08 2.98156e-08 4.02392e-08 4.0703e-08 3.4106e-08 3.44229e-08 3.53193e-08 2.96378e-08 3.24419e-08 4.54589e-08 3.12358e-08 3.16228e-08 2.72636e-08 2.80565e-08 2.81397e-08 3.41538e-08 3.06346e-08 2.17329e-08 2.18059e-08 2.80592e-08 2.96414e-08 2.48521e-08 2.2443e-08 3.47567e-08 3.37208e-08 2.57697e-08 2.61806e-08 3.30084e-08 3.31266e-08 3.43156e-08 1.89441e-08 1.88246e-08 2.00701e-08 2.50202e-08 2.38907e-08 2.23852e-08 1.36766e-08 2.01059e-08 1.39889e-08 1.38443e-08 1.53711e-08 1.39327e-08 1.97699e-08 1.92681e-08 1.79883e-08 1.56771e-08 1.48038e-08 1.46207e-08 1.49913e-08 1.43655e-08 1.04369e-08 1.0348e-08 1.23187e-08 1.93385e-08 1.73615e-08 1.70544e-08 1.76665e-08 1.40841e-08 1.37857e-08 1.63596e-08 1.66572e-08 1.77199e-08 1.24056e-08 1.23263e-08 1.21505e-08 1.46709e-08 1.43286e-08 1.32951e-08 1.45494e-08 1.09365e-08 1.05256e-08 1.01484e-08 9.4108e-09 2.17506e-08 1.2036e-08 1.60875e-08 1.27002e-08 3.02071e-08 2.94665e-08 1.24041e-08 1.20995e-08 1.21135e-08 1.53584e-08 1.40228e-08 1.33614e-08 3.11949e-08 2.98873e-08 1.61277e-08 1.35039e-08 1.32729e-08 1.0115e-08 2.26895e-08 2.36841e-08 2.13306e-08 2.13289e-08 2.1685e-08 2.12707e-08 2.15361e-08 2.12104e-08 2.07232e-08 1.03753e-08 1.11885e-08 2.08514e-08 1.25627e-08 1.27097e-08 1.33917e-08 1.40311e-08 1.30837e-08 1.21291e-08 1.90525e-08 1.78239e-08 1.58089e-08 1.54132e-08 1.49676e-08 1.39575e-08 2.78474e-08 2.78454e-08 2.39105e-08 2.33004e-08 2.10703e-08 1.95858e-08 1.04657e-08 2.96026e-08 1.62235e-08 1.01934e-08 2.57599e-08 2.59498e-08 2.21066e-08 2.13332e-08 2.15295e-08 1.99047e-08 2.93162e-08 2.26397e-08 2.24478e-08 2.2248e-08 1.96536e-08 2.29149e-08 2.35588e-08 2.51627e-08 1.90726e-08 1.8802e-08 1.81732e-08 2.26722e-08 2.12214e-08 2.27635e-08 2.22926e-08 2.04095e-08 2.08547e-08 1.23342e-08 1.67582e-08 1.08713e-08 2.9491e-08 2.495e-08 2.47415e-08 2.59882e-08 2.91597e-08 2.83503e-08 2.72425e-08 2.63355e-08 2.48524e-08 2.43739e-08 1.24211e-08 1.20695e-08 2.10008e-08 2.46115e-08 2.71182e-08 2.25247e-08 2.1595e-08 1.84751e-08 2.33448e-08 1.76203e-08 1.69836e-08 1.29361e-08 1.84465e-08 1.0769e-08 2.50432e-08 2.48143e-08 2.0589e-08 1.43141e-08 1.33848e-08 1.15753e-08 1.42775e-08 2.34029e-08 2.40393e-08 1.81643e-08 1.37034e-08 1.77002e-08 1.0727e-08 1.7459e-08 1.46443e-08 2.10988e-08 6.57138e-09 9.03305e-09 1.29276e-08 1.6839e-08 9.38265e-09 8.74476e-09 7.01369e-09 6.7548e-09 1.30286e-08 9.60724e-09 6.78129e-09 6.39957e-09 6.95477e-09 8.5932e-09 1.41405e-08 1.48128e-08 2.48616e-08 8.74264e-09 9.69295e-09 9.61604e-09 9.47425e-09 9.47748e-09 8.1296e-09 7.23248e-09 6.20566e-09 7.46934e-09 1.24786e-08 1.20028e-08 1.12525e-08 1.12506e-08 5.96823e-09 1.01305e-08 1.02217e-08 9.90153e-09 1.27368e-08 1.27513e-08 7.65569e-09 1.23599e-08 1.26208e-08 1.16533e-08 6.0517e-09 7.86493e-09 6.76079e-09 9.5388e-09 1.33448e-08 1.63462e-08 1.48788e-08 1.9919e-08 1.85628e-08 2.23201e-08 2.21015e-08 2.25281e-08 2.10848e-08 2.39179e-08 2.56166e-08 9.14362e-09 9.82083e-09 1.00943e-08 9.85074e-09 1.04013e-08 8.22228e-09 8.33569e-09 7.86494e-09 8.32101e-09 8.39734e-09 8.6787e-09 8.50378e-09 8.02076e-09 7.46993e-09 7.7788e-09 7.55118e-09 6.44657e-09 1.07368e-08 7.25944e-09 9.31677e-09 9.33116e-09 1.29407e-08 6.27544e-09 1.20824e-08 1.09503e-08 1.40443e-08 1.35698e-08 1.41839e-08 6.1055e-09 1.22154e-08 6.89727e-09 1.1354e-08 1.38431e-08 1.38221e-08 1.47543e-08 1.46114e-08 2.13125e-08 9.66132e-09 9.23004e-09 1.01843e-08 1.0873e-08 8.11794e-09 9.19998e-09 7.74809e-09 6.51198e-09 6.35159e-09 6.88975e-09 7.69682e-09 7.56586e-09 7.0612e-09 6.61512e-09 6.09688e-09 7.16979e-09 6.82076e-09 7.75261e-09 7.91816e-09 6.51662e-09 7.53991e-09 5.87037e-09 1.02245e-08 1.02499e-08 9.46416e-09 1.00908e-08 8.59071e-09 1.46136e-08 1.21884e-08 1.30439e-08 1.27313e-08 1.61874e-08 1.51724e-08 1.71197e-08 1.94339e-08 8.97363e-09 7.97064e-09 8.20058e-09 5.96332e-09 8.49727e-09 8.55986e-09 9.60896e-09 1.36561e-08 1.29452e-08 1.02755e-08 1.34002e-08 1.45803e-08 2.12736e-08 2.36869e-08 2.4498e-08 6.17665e-09 9.9908e-09 1.10341e-08 1.11248e-08 1.81576e-08 1.41867e-08 8.14688e-09 2.64158e-08 2.70933e-08 5.96482e-09 1.41933e-08 1.40891e-08 1.02226e-08 1.49551e-08 1.41665e-08 2.10831e-08 8.08314e-09 6.37545e-09 5.79744e-09 1.08645e-08 1.03012e-08 9.86638e-09 1.8041e-08 1.9379e-08 9.11378e-09NOTICE: 
distance_sum 6.63182e-06

-----------------------------------------------------------------------
0.005

INFO: HomogMatrix:
1  0  0  0.005  0  1  0  0  0  0  1  0  

NOTICE: CloudTransformer::transform_xyzsift() saved

NOTICE: view number: 4
NOTICE: transformacja: 
    0.999979   0.00633477  -0.00145716  -0.00478597
 -0.00633291     0.999979   0.00127313 -8.38472e-05
  0.00146519  -0.00126387     0.999998 -2.53388e-05
           0            0            0            1

NOTICE: distances: 

 3.51636e-08 2.63645e-08 3.36931e-08 8.08133e-08 1.32656e-08 1.54608e-07 2.73943e-08 5.6287e-08 6.54657e-08 1.07621e-07 1.041e-07 2.19835e-08 3.06328e-08 1.0386e-07 1.29355e-07 1.3406e-07 2.41829e-07 1.2996e-07 2.41733e-07 2.68166e-07 2.01162e-07 2.67005e-07 2.8197e-07 1.27681e-07 1.67846e-08 7.27484e-08 9.73123e-08 7.16296e-08 2.4634e-08 6.55425e-08 6.17382e-08 7.81942e-08 7.37609e-08 2.62697e-07 2.37866e-07 1.18799e-07 2.27324e-07 1.5631e-07 1.70032e-07 1.12843e-07 2.18869e-08 2.57592e-08 2.53929e-08 2.37329e-07 1.7027e-07 6.33339e-08 6.78052e-08 3.79075e-08 3.39991e-08 1.76986e-07 5.77674e-08 2.7723e-07 1.52314e-07 2.67212e-07 6.61792e-08 6.99947e-08 1.63812e-07 1.63855e-07 3.34587e-08 2.87082e-08 3.41295e-08 1.67615e-07 1.62607e-07 2.53258e-07 2.46434e-07 1.23504e-07 1.28543e-07 2.12588e-07 1.98741e-07 1.76627e-08 1.60276e-08 1.85641e-08 6.36574e-08 6.56309e-08 1.11002e-07 8.44521e-08 4.38105e-08 3.88646e-08 1.05892e-07 1.00019e-07 4.24898e-08 4.24633e-08 6.40235e-08 8.42141e-08 8.28357e-08 7.25703e-08 6.77348e-08 4.09377e-08 4.08709e-08 1.20495e-07 2.50013e-08 1.4409e-07 1.48258e-07 7.58553e-08 1.1777e-07 3.76431e-08 4.35865e-08 4.37161e-08 1.1361e-07 1.01178e-07 6.0498e-08 2.40734e-07 2.08552e-07 1.77383e-07 1.38706e-07 6.32873e-08 5.92473e-08 1.59314e-07 3.31923e-08 9.85116e-08 9.70831e-08 2.28731e-07 2.26112e-07 1.81558e-07 1.90513e-07 1.86791e-07 5.67487e-08 2.56727e-08 1.07207e-07 9.41387e-08 9.43303e-08 1.11264e-07 7.02778e-08 5.84643e-08 1.55056e-08 1.51764e-08 1.53007e-07 1.14048e-07 1.73033e-07 6.25938e-08 1.38883e-07 1.58747e-07 1.16126e-07 1.23018e-07 2.25097e-08 1.6278e-07 1.59103e-07 2.73916e-07 2.7441e-07 2.88225e-07 2.07865e-07 1.79625e-07 5.20269e-08 6.91853e-08 1.40183e-07 2.17575e-08 1.12852e-07 9.3677e-08 9.89666e-08 1.47032e-07 1.36678e-07 5.48707e-08 5.46908e-08 2.48546e-08 2.47237e-07 2.39834e-07 8.43384e-08 5.84274e-08 5.3364e-08 5.41543e-08 1.79819e-07 1.75582e-07 7.44724e-08 4.1618e-08 9.30135e-08 1.64325e-07 2.82026e-08 1.18617e-07 7.42149e-08 5.69619e-08 1.4927e-08 2.27082e-07 8.77675e-08 1.32802e-07 1.17575e-07 1.16318e-08 8.91893e-09 6.88263e-09 5.31198e-08 8.96534e-08 3.16473e-08 9.89621e-08 1.11496e-07 1.23046e-07 5.36104e-08 7.93638e-08 4.38327e-08 5.43123e-08 1.03512e-07 1.13444e-07 1.00639e-07 1.00839e-07 4.7033e-08 4.80055e-08 5.26145e-08 3.98636e-08 2.94533e-08 2.81305e-08 7.93983e-08 6.51347e-08 6.48522e-08 1.12986e-07 1.24412e-07 1.262e-07 6.97038e-08 5.84213e-08 1.08391e-07 8.18529e-08 5.21745e-08 4.85291e-08 5.96326e-08 7.75294e-08 1.06855e-07 5.35905e-08 5.50014e-08 8.19835e-08 4.30756e-08 9.59792e-08 1.03648e-07 8.75165e-08 1.11565e-07 1.16419e-07 3.5987e-08 3.64231e-08 7.904e-08 9.5464e-08 1.03302e-07 7.33939e-08 2.90032e-08 8.33784e-08 1.14153e-07 9.59118e-08 8.12501e-08 6.36455e-08 6.33155e-08 5.77001e-08 1.02348e-07 6.32525e-08 3.73545e-08 2.98698e-08 5.57662e-08 6.68898e-08 6.94784e-08 6.35376e-08 6.88303e-08 4.96656e-08 3.94968e-08 8.75087e-08 9.48089e-08 5.42119e-08 4.79836e-08 6.66995e-08 5.8337e-08 1.95037e-07 2.57911e-07 2.04136e-07 1.75878e-07 2.42795e-07 2.1074e-07 1.99658e-07 3.46047e-08 3.64454e-08 2.72888e-08 3.03653e-08 5.86584e-08 5.17787e-08 7.36445e-08 6.34011e-08 5.53527e-08 7.74697e-08 6.57036e-08 6.69637e-08 6.14083e-08 2.30667e-07 2.75878e-07 2.78716e-07 2.0747e-07 2.24642e-07 2.73559e-07 2.75005e-07 1.23237e-07 2.3209e-07 2.77791e-07 2.7359e-07 3.97925e-08 4.94831e-08 4.54194e-08 2.71802e-08 5.21381e-08 5.70241e-08 5.78025e-08 7.91273e-08 6.03104e-08 5.60241e-08 4.04139e-08 9.02309e-08 8.54107e-08 9.5766e-08 4.63761e-08 5.15129e-08 5.91379e-08 4.57087e-08 6.49814e-08 6.35595e-08 2.52233e-07 2.08199e-07 3.83451e-08 4.10413e-08 6.53297e-08 1.52733e-07 9.39743e-08 2.09348e-07 2.07979e-07 2.64039e-07 2.5929e-07 3.30458e-07 2.55375e-07 4.6228e-08 4.5753e-08 1.10031e-07 6.63573e-08 4.73173e-08 9.85247e-08 2.26742e-07 2.63407e-07 3.05741e-07 7.86725e-08 1.71506e-07 1.08655e-07 1.67609e-07 5.31022e-08 5.85861e-09 1.24188e-08 2.15893e-08 3.57075e-08 1.36965e-08 6.64577e-09 4.32224e-09 6.87429e-09 5.75218e-08 2.36425e-08 4.28422e-09 1.81687e-09 7.63355e-09 1.68845e-08 2.62043e-08 2.62646e-08 1.28488e-08 7.25776e-09 1.08704e-08 1.21043e-08 1.39233e-08 1.74114e-08 1.13896e-08 3.4037e-09 1.72908e-09 7.27176e-09 4.5829e-08 4.717e-08 4.06817e-08 3.4233e-08 3.76054e-10 2.85178e-08 2.67192e-08 3.07097e-08 4.93789e-08 4.93715e-08 8.8835e-09 4.93218e-08 4.7067e-08 4.43183e-08 1.0401e-10 5.63896e-09 9.4619e-09 1.44492e-08 4.28184e-09 1.52897e-08 5.00718e-09 7.19219e-09 9.01124e-09 9.1232e-09 9.49745e-09 7.56019e-09 9.95841e-09 8.69921e-09 1.65982e-08 9.48394e-09 1.56827e-08 1.12302e-08 2.33991e-08 2.05627e-08 6.81551e-09 6.61419e-09 4.016e-09 2.53966e-09 1.297e-08 5.36113e-09 8.49382e-09 1.06853e-08 3.80358e-09 5.59469e-09 5.44104e-09 2.05881e-09 3.57097e-08 7.29301e-09 2.05939e-08 1.90316e-08 5.10111e-08 1.23718e-09 4.25465e-08 3.94231e-08 5.77414e-08 5.65692e-08 6.26965e-08 1.5209e-10 4.28314e-08 7.33329e-10 4.28681e-09 9.86436e-09 3.90651e-09 5.42737e-09 6.45482e-09 9.85387e-09 1.46967e-08 1.20514e-08 1.64555e-08 2.63127e-08 4.46544e-09 1.61032e-08 1.80351e-09 1.25949e-09 5.90653e-10 4.90896e-09 1.00525e-08 9.7904e-09 7.05204e-09 3.0829e-09 8.21404e-10 5.77288e-09 7.01191e-09 1.18336e-08 1.2439e-08 3.80504e-09 8.96516e-09 1.76072e-11 2.11297e-08 2.15954e-08 7.38412e-09 9.17233e-09 2.30281e-09 1.21807e-08 3.89351e-09 2.95022e-09 3.22259e-09 1.70119e-08 3.35882e-09 1.06891e-08 8.50224e-09 2.8266e-09 3.47516e-09 7.47155e-09 7.19781e-10 6.37275e-09 4.16798e-09 1.82339e-09 1.36508e-08 1.32294e-08 2.13908e-09 1.26469e-08 5.12605e-09 9.02954e-09 1.57585e-08 2.35381e-08 1.77968e-09 3.38832e-09 6.60241e-09 7.61498e-09 9.23365e-09 5.82784e-08 1.35347e-08 1.30669e-08 1.18645e-08 5.02951e-10 5.33787e-09 4.03393e-09 2.56444e-08 1.10868e-08 5.28859e-09 2.85895e-08 2.93715e-09 1.7487e-09 2.99111e-10 3.37744e-08 1.40974e-08 8.15271e-09 2.01969e-08 8.4437e-09 5.90112e-09NOTICE: 
distance_sum 3.75563e-05

-----------------------------------------------------------------------
0.01

INFO: HomogMatrix:
1  0  0  0.01  0  1  0  0  0  0  1  0  

NOTICE: CloudTransformer::transform_xyzsift() saved

NOTICE: view number: 4
NOTICE: transformacja: 
    0.999999   0.00137016 -0.000664509  -0.00984015
 -0.00137017     0.999999 -2.84925e-05  0.000105859
  0.00066447   2.9403e-05            1 -4.93186e-05
           0            0            0            1

NOTICE: distances: 

 7.53717e-09 7.63273e-09 7.70175e-09 8.16557e-09 1.194e-08 1.2131e-08 1.71701e-08 3.50036e-08 5.16562e-09 5.36632e-09 5.25571e-09 7.02754e-09 7.07396e-09 5.59641e-09 7.4777e-09 7.26987e-09 1.00222e-08 1.09021e-08 1.06837e-08 1.04897e-08 1.14652e-08 2.11803e-08 2.1506e-08 5.38227e-09 8.039e-09 6.75687e-09 6.04112e-09 6.88452e-09 1.56859e-08 1.2875e-08 1.23034e-08 1.27188e-08 1.3104e-08 1.11667e-08 1.13799e-08 1.22223e-08 1.17098e-08 1.27591e-08 1.24908e-08 1.35384e-08 2.16037e-08 2.22462e-08 2.17077e-08 2.15171e-08 2.32542e-08 4.88194e-09 5.5545e-09 7.12924e-09 6.8336e-09 9.71171e-09 1.17628e-08 1.05684e-08 9.72219e-09 9.96426e-09 1.1837e-08 1.22699e-08 1.03801e-08 1.11225e-08 1.4866e-08 1.57456e-08 1.47119e-08 1.02617e-08 1.07239e-08 1.11175e-08 1.15487e-08 1.17802e-08 1.23936e-08 1.29264e-08 1.25186e-08 2.1805e-08 2.15417e-08 2.25084e-08 2.35711e-08 2.53632e-08 2.80558e-08 5.36585e-09 1.33594e-08 1.30037e-08 1.24622e-08 1.23075e-08 1.42994e-08 1.43125e-08 1.37677e-08 1.2838e-08 1.26179e-08 1.30584e-08 1.34364e-08 1.50616e-08 1.51267e-08 1.24663e-08 2.31671e-08 2.03284e-08 1.98126e-08 2.37003e-08 2.15734e-08 7.90942e-09 7.45466e-09 7.37211e-09 8.87511e-09 8.81576e-09 9.72413e-09 1.04424e-08 1.021e-08 1.02842e-08 1.04319e-08 1.20572e-08 1.12586e-08 1.01939e-08 1.51577e-08 1.24223e-08 1.20727e-08 1.13783e-08 1.08577e-08 1.11512e-08 1.1416e-08 1.09666e-08 1.47377e-08 1.69251e-08 1.42345e-08 2.13138e-08 2.09997e-08 2.01156e-08 5.71451e-09 7.049e-09 1.0129e-08 1.00747e-08 7.02832e-09 7.77855e-09 7.88379e-09 9.63787e-09 7.71966e-09 1.04492e-08 1.14214e-08 1.14872e-08 1.61941e-08 1.14235e-08 1.15972e-08 1.20701e-08 1.23248e-08 1.14045e-08 1.20629e-08 1.24381e-08 1.48747e-08 2.41559e-08 2.61683e-08 9.10692e-09 6.27586e-09 7.11204e-09 6.90818e-09 6.59061e-09 6.91357e-09 8.52092e-09 8.23358e-09 1.46771e-08 1.11889e-08 1.11835e-08 1.34178e-08 5.80806e-09 6.03949e-09 5.6622e-09 7.55574e-09 7.0078e-09 8.34966e-09 9.42544e-09 2.65964e-08 5.83992e-09 1.51627e-08 2.33675e-08 2.91571e-08 1.27393e-08 1.0013e-08 1.52918e-08 1.692e-08 1.88839e-08 2.43891e-08 1.08245e-08 1.11709e-08 1.12812e-08 3.70318e-09 1.57588e-09 4.63085e-09 1.9954e-09 1.72517e-09 1.84053e-09 3.86691e-09 3.32093e-09 4.2183e-09 4.2077e-09 2.96857e-09 2.73858e-09 2.30276e-09 2.73255e-09 3.93538e-09 4.30807e-09 4.34359e-09 4.79852e-09 4.5504e-09 4.76023e-09 3.74853e-09 4.00933e-09 2.3327e-09 2.0435e-09 1.95206e-09 1.69359e-09 2.61841e-09 2.8971e-09 2.22519e-09 2.41693e-09 3.78326e-09 3.77142e-09 3.42247e-09 2.84881e-09 3.02172e-09 3.72251e-09 3.46234e-09 3.08631e-09 3.99662e-09 3.09601e-09 3.19802e-09 3.50824e-09 2.62236e-09 2.62304e-09 4.38877e-09 4.53626e-09 2.88664e-09 2.63155e-09 3.08031e-09 3.54468e-09 5.12044e-09 3.41779e-09 1.72111e-09 1.83525e-09 2.22014e-09 4.12666e-09 3.08225e-09 3.6985e-09 1.83717e-09 2.51551e-09 4.82052e-09 4.98505e-09 3.96445e-09 2.17858e-09 1.89921e-09 2.70742e-09 2.81488e-09 3.83658e-09 4.47201e-09 1.94225e-09 2.92251e-09 5.14965e-09 4.50888e-09 1.8652e-08 1.9285e-08 1.86396e-08 1.88694e-08 2.00842e-08 2.08404e-08 1.95224e-08 1.99096e-08 1.99904e-08 1.79997e-08 1.85583e-08 1.90103e-08 1.83352e-08 1.6823e-08 1.73951e-08 1.58411e-08 1.69235e-08 1.70526e-08 1.6866e-08 1.77232e-08 1.77727e-08 1.86498e-08 1.85174e-08 1.78155e-08 1.84487e-08 1.96973e-08 1.87561e-08 1.9559e-08 1.98132e-08 2.10709e-08 2.01049e-08 1.99035e-08 1.97817e-08 1.67249e-08 1.68637e-08 1.71781e-08 1.83671e-08 1.8035e-08 1.77197e-08 1.72653e-08 1.69267e-08 1.81981e-08 1.8371e-08 1.97844e-08 1.6282e-08 1.63315e-08 1.5699e-08 1.87753e-08 1.93591e-08 1.90757e-08 2.01897e-08 1.88668e-08 1.88907e-08 1.95051e-08 2.0297e-08 1.74408e-08 1.68731e-08 1.71389e-08 2.14848e-08 1.64679e-08 1.8113e-08 1.87108e-08 1.95039e-08 1.99208e-08 2.06856e-08 2.05089e-08 1.77437e-08 1.68838e-08 2.42645e-08 1.56917e-08 1.90088e-08 1.61029e-08 1.85291e-08 1.93465e-08 2.0406e-08 1.95772e-08 1.89894e-08 1.8652e-08 2.04496e-08 2.47904e-08 2.04184e-08 2.44827e-08 2.63053e-08 2.96634e-08 1.15575e-08 1.23769e-08 1.38622e-08 1.27153e-08 1.03247e-08 1.16424e-08 1.35714e-08 1.45431e-08 2.13612e-08 2.29462e-08 2.69682e-08 2.7603e-08 2.64376e-08 1.19832e-08 1.20937e-08 1.22248e-08 1.20569e-08 1.16894e-08 1.20897e-08 1.4249e-08 1.52455e-08 1.26656e-08 1.11282e-08 1.04751e-08 1.0885e-08 1.12165e-08 1.51069e-08 1.08925e-08 1.13768e-08 1.18453e-08 1.00094e-08 1.12205e-08 1.26055e-08 1.10581e-08 1.03882e-08 1.11089e-08 1.72601e-08 1.47108e-08 2.00685e-08 2.46746e-08 1.7278e-08 1.61472e-08 1.86854e-08 2.18438e-08 2.29211e-08 2.06296e-08 2.13774e-08 2.1392e-08 2.07003e-08 2.1903e-08 2.58435e-08 1.22337e-08 1.20605e-08 1.11717e-08 1.12938e-08 1.14247e-08 1.29633e-08 1.31905e-08 1.36391e-08 1.29862e-08 1.22644e-08 1.2482e-08 1.24925e-08 1.24138e-08 1.4023e-08 1.30108e-08 1.25627e-08 1.42872e-08 1.09724e-08 1.34993e-08 1.1806e-08 1.21584e-08 1.09948e-08 1.39831e-08 1.17562e-08 1.06753e-08 1.04194e-08 1.08456e-08 1.05895e-08 1.63478e-08 1.20883e-08 1.66397e-08 1.64733e-08 1.68672e-08 1.73474e-08 1.73509e-08 1.7213e-08 2.43794e-08 1.1911e-08 1.19703e-08 1.12841e-08 1.05327e-08 1.30875e-08 1.16664e-08 1.47883e-08 1.46696e-08 1.47364e-08 1.32907e-08 1.21662e-08 1.28318e-08 1.34761e-08 1.36436e-08 1.51942e-08 1.40387e-08 1.32854e-08 1.28313e-08 1.28213e-08 1.37839e-08 1.29469e-08 1.58818e-08 1.36878e-08 1.29662e-08 1.51918e-08 1.5432e-08 1.69338e-08 1.50042e-08 1.9084e-08 1.79352e-08 1.94075e-08 1.60692e-08 1.87922e-08 2.45488e-08 2.25597e-08 1.37666e-08 1.40016e-08 1.26881e-08 1.5896e-08 1.45002e-08 1.4713e-08 1.98043e-08 1.52691e-08 1.44726e-08 2.01758e-08 1.55347e-08 2.10585e-08 1.84882e-08 2.51405e-08 2.7954e-08 1.49356e-08 1.64911e-08 1.60492e-08 1.54803e-08 1.86433e-08 1.08894e-08 1.28696e-08 2.15488e-08 2.17406e-08 1.57915e-08 1.89277e-08 1.93203e-08 1.12401e-08 1.6925e-08 2.18985e-08 2.87102e-08 1.35304e-08 1.49087e-08 1.64943e-08 1.07209e-08 1.37927e-08 2.18504e-08 2.69104e-08 2.4592e-08 1.52985e-08NOTICE: 
distance_sum 6.60175e-06

-----------------------------------------------------------------------
0.05

INFO: HomogMatrix:
1  0  0  0.1  0  1  0  0  0  0  1  0  

NOTICE: view number: 5
NOTICE: transformacja: 
           1  0.000186507  0.000351172 -6.69244e-05
-0.000186865     0.999999   0.00101841 -4.43883e-05
-0.000350982  -0.00101848     0.999999 -4.77057e-05
           0            0            0            1

NOTICE: distances: 

 7.65611e-09 7.69877e-09 7.92447e-09 7.5545e-09 8.34237e-09 8.73695e-09 8.17144e-09 8.92823e-09 1.12768e-08 9.54042e-09 1.15485e-08 1.16345e-08 9.08072e-09 9.32667e-09 9.97667e-09 9.67112e-09 9.35692e-09 1.08262e-08 9.65614e-09 9.62586e-09 9.73085e-09 9.07574e-09 9.51617e-09 9.05378e-09 9.48803e-09 9.30274e-09 9.45262e-09 9.74347e-09 9.77567e-09 9.48782e-09 1.01689e-08 9.97691e-09 9.31843e-09 9.45029e-09 9.55352e-09 9.09779e-09 9.4416e-09 9.25689e-09 9.17945e-09 9.20501e-09 9.44264e-09 9.84519e-09 8.73872e-09 9.51348e-09 9.60229e-09 9.78706e-09 9.73428e-09 9.55801e-09 9.41866e-09 9.78658e-09 1.02361e-08 1.00756e-08 1.00755e-08 9.65837e-09 9.88879e-09 1.04102e-08 1.04282e-08 1.00454e-08 1.00669e-08 1.0136e-08 9.22254e-09 9.43494e-09 9.4475e-09 1.03631e-08 1.04044e-08 1.03062e-08 8.49053e-09 8.49579e-09 8.46708e-09 9.50028e-09 8.57888e-09 9.16718e-09 9.34936e-09 9.28652e-09 9.66373e-09 8.47568e-09 8.16166e-09 8.87257e-09 9.146e-09 9.59274e-09 9.57781e-09 9.11838e-09 8.90767e-09 9.72522e-09 9.71786e-09 9.32213e-09 8.25872e-09 8.48222e-09 8.61686e-09 8.61188e-09 9.30401e-09 9.37927e-09 8.97778e-09 8.70138e-09 8.78339e-09 9.50515e-09 9.57387e-09 9.29712e-09 9.09287e-09 8.79842e-09 8.90961e-09 9.00076e-09 9.62567e-09 9.85751e-09 9.73672e-09 9.56507e-09 8.0866e-09 9.64308e-09 9.1733e-09 9.29806e-09 7.73495e-09 8.01223e-09 9.53923e-09 9.2791e-09 9.60113e-09 9.0779e-09 9.16565e-09 9.15494e-09 7.58283e-09 7.47637e-09 8.74119e-09 9.1236e-09 9.20596e-09 9.83894e-09 8.07186e-09 8.06694e-09 8.03322e-09 8.06337e-09 8.15499e-09 8.10669e-09 8.25673e-09 7.93411e-09 8.25598e-09 9.04283e-09 9.38823e-09 7.83098e-09 9.0877e-09 8.92158e-09 9.34821e-09 9.47147e-09 9.33451e-09 9.33729e-09 8.52894e-09 8.66269e-09 8.75098e-09 8.98004e-09 8.82131e-09 9.35283e-09 7.90529e-09 8.03707e-09 8.13754e-09 8.16822e-09 8.57956e-09 8.56846e-09 1.02673e-08 7.87355e-09 8.77588e-09 9.93543e-09 8.02715e-09 8.02333e-09 8.16097e-09 8.20784e-09 8.24719e-09 8.60103e-09 7.67716e-09 7.76151e-09 8.01653e-09 8.18391e-09 8.47879e-09 7.84389e-09 7.69061e-09 7.93152e-09 8.2359e-09 8.49966e-09 8.38737e-09 7.7327e-09 8.09491e-09 8.29314e-09 7.88776e-09 8.32856e-09 8.32101e-09 9.12049e-09 8.81534e-09 1.02059e-08 7.71878e-09 7.92435e-09 8.12306e-09 8.03006e-09 7.84153e-09 7.77608e-09 7.79188e-09 8.02963e-09 7.88214e-09 8.02826e-09 9.19306e-09 9.4009e-09 8.18373e-09 8.15181e-09 7.78637e-09 8.18377e-09 7.76296e-09 8.20737e-09 8.16638e-09 8.52815e-09 9.02144e-09 9.42521e-09 8.71125e-09 1.0112e-08 8.03238e-09 8.03604e-09 7.92379e-09 8.76147e-09 9.0713e-09 9.19568e-09 9.25463e-09 8.12701e-09 8.00276e-09 8.07768e-09 8.937e-09 8.35784e-09 1.00367e-08 8.52149e-09 8.50863e-09 8.35301e-09 5.42092e-09 4.52712e-09 4.76668e-09 5.60306e-09 1.02209e-08 1.0566e-08 6.54899e-09 6.45632e-09 5.87966e-09 5.74806e-09 6.16152e-09 5.9689e-09 5.02842e-09 4.53928e-09 4.71426e-09 5.22138e-09 6.49583e-09 1.00344e-08 1.00584e-08 9.8694e-09 9.96601e-09 9.95294e-09 8.69813e-09 9.14271e-09 7.83462e-09 7.0956e-09 6.50109e-09 6.23573e-09 6.32698e-09 5.82452e-09 6.54441e-09 5.76916e-09 5.77938e-09 6.02773e-09 5.685e-09 5.88105e-09 5.7226e-09 5.5891e-09 5.58735e-09 5.5041e-09 5.07956e-09 3.82971e-09 5.05492e-09 4.54282e-09 3.39032e-09 3.46618e-09 3.49791e-09 4.82759e-09 5.02288e-09 5.01307e-09 5.13298e-09 5.03121e-09 5.03567e-09 5.31311e-09 6.45961e-09 1.04333e-08 9.81226e-09 1.0214e-08 9.47748e-09 9.23834e-09 9.71016e-09 9.71208e-09 1.00285e-08 1.00591e-08 9.34323e-09 9.75558e-09 9.21685e-09 8.96743e-09 9.40886e-09 9.29581e-09 8.38936e-09 7.23967e-09 6.4845e-09 7.11435e-09 5.84871e-09 6.04096e-09 6.00893e-09 6.58054e-09 5.89959e-09 5.60351e-09 5.51899e-09 5.76675e-09 5.59779e-09 4.92915e-09 4.04389e-09 4.16055e-09 3.27022e-09 3.27508e-09 3.34223e-09 3.41639e-09 3.43187e-09 5.23473e-09 1.01754e-08 1.06482e-08 9.30271e-09 9.62472e-09 9.8508e-09 8.96676e-09 8.99984e-09 7.53909e-09 7.45791e-09 7.22669e-09 6.87737e-09 6.97472e-09 6.82841e-09 6.72814e-09 7.03513e-09 6.22379e-09 6.22195e-09 6.12357e-09 6.2569e-09 6.41108e-09 5.87884e-09 5.49016e-09 3.66292e-09 3.66884e-09 3.39937e-09 3.36055e-09 3.55805e-09 3.22914e-09 3.4879e-09 3.41086e-09 3.57815e-09 3.39972e-09 3.65424e-09 4.77131e-09 4.94839e-09 1.08953e-08 1.0122e-08 8.97954e-09 7.11134e-09 3.82393e-09 3.61153e-09 3.72937e-09 3.169e-09 3.1623e-09 3.68534e-09 3.20541e-09 3.93072e-09 4.45281e-09 6.28126e-09 6.68064e-09 6.05394e-09 3.28215e-09 3.23021e-09 3.20895e-09 4.4117e-09 5.80936e-09 5.37002e-09 6.59902e-09 6.15693e-09 6.22435e-09 3.6615e-09 3.72757e-09 9.35112e-09 3.32213e-09 4.24911e-09 5.87886e-09 1.00742e-08 7.0909e-09 6.13612e-09 5.98051e-09 3.30397e-09 3.96915e-09 5.11827e-09 5.21819e-09 3.46784e-09NOTICE: 
distance_sum 3.03164e-06

-----------------------------------------------------------------------
0.1

INFO: HomogMatrix:
1  0  0  0.1  0  1  0  0  0  0  1  0  

NOTICE: CloudTransformer::transform_xyzsift() saved

NOTICE: view number: 4
NOTICE: transformacja: 
     0.99996    0.0089283   -0.0001839   -0.0998842
 -0.00892863     0.999958  -0.00187365   0.00110572
 0.000167164   0.00187521     0.999998 -7.84308e-05
           0            0            0            1

NOTICE: distances: 

 1.03007e-07 9.8869e-08 1.08448e-07 1.9635e-07 4.54792e-08 2.17458e-07 1.80618e-08 4.94197e-08 2.38454e-07 2.9216e-07 3.20789e-07 1.17778e-07 1.23812e-07 2.70123e-07 2.77847e-07 3.01824e-07 3.86431e-07 1.83477e-07 3.86249e-07 3.91437e-07 2.87793e-07 1.68201e-07 1.54848e-07 3.5005e-07 9.6249e-08 2.2238e-07 2.65758e-07 2.132e-07 2.60458e-08 9.06549e-08 8.18265e-08 9.19731e-08 8.82804e-08 3.90323e-07 3.50748e-07 1.50059e-07 3.36212e-07 1.79427e-07 1.99638e-07 1.22617e-07 1.51598e-08 1.28265e-08 1.45054e-08 1.11969e-07 6.16228e-08 2.45051e-07 2.61097e-07 1.50635e-07 1.49017e-07 3.04594e-07 8.47346e-08 5.01833e-07 2.4604e-07 4.44717e-07 9.19117e-08 9.1056e-08 2.46179e-07 2.53453e-07 3.22654e-08 3.14202e-08 3.53058e-08 2.43865e-07 2.5607e-07 3.88591e-07 3.59305e-07 1.7643e-07 1.67137e-07 2.58749e-07 2.23847e-07 1.53978e-08 1.29113e-08 1.65088e-08 1.5178e-08 1.39295e-08 1.70777e-08 2.63251e-07 5.81433e-08 5.07149e-08 1.20278e-07 1.16988e-07 4.42866e-08 4.29746e-08 7.168e-08 9.27756e-08 9.85198e-08 7.77521e-08 8.51697e-08 4.12571e-08 3.96475e-08 1.35776e-07 1.55894e-08 7.69963e-08 7.04195e-08 1.51226e-08 4.73541e-08 1.34345e-07 1.66939e-07 1.54742e-07 2.1694e-07 1.84348e-07 1.21282e-07 4.26032e-07 3.3676e-07 2.93155e-07 1.97989e-07 8.31714e-08 7.97247e-08 2.55853e-07 3.51847e-08 1.10557e-07 1.16116e-07 3.30417e-07 3.19479e-07 2.61074e-07 2.78671e-07 2.72143e-07 6.09966e-08 1.82659e-08 1.12877e-07 3.73887e-08 3.14364e-08 4.4998e-08 2.22734e-07 1.91633e-07 6.34535e-08 7.60146e-08 3.4649e-07 2.66369e-07 3.21146e-07 1.29155e-07 2.79904e-07 2.28269e-07 1.79898e-07 1.73775e-07 2.19905e-08 2.12302e-07 2.31937e-07 4.36457e-07 4.11133e-07 4.22384e-07 2.99912e-07 2.71055e-07 4.11044e-08 1.3397e-08 2.34111e-08 9.07228e-08 3.08211e-07 2.57641e-07 2.49032e-07 3.21472e-07 3.54374e-07 1.19183e-07 1.41763e-07 3.57127e-08 3.60819e-07 3.7947e-07 9.37169e-08 2.01586e-07 2.06646e-07 2.10471e-07 4.13756e-07 4.04614e-07 1.72193e-07 1.08016e-07 1.23087e-08 4.63512e-07 2.92766e-08 3.16555e-08 1.97504e-08 6.87886e-08 7.33926e-08 2.43044e-07 4.85952e-08 8.43084e-08 2.20238e-08 1.58091e-08 1.64692e-08 1.00106e-08 1.86362e-07 2.76176e-07 9.15398e-08 3.07188e-07 3.46152e-07 3.63577e-07 1.95262e-07 2.68045e-07 1.96583e-07 2.01334e-07 3.39689e-07 3.6058e-07 3.36527e-07 3.19477e-07 1.65959e-07 1.96799e-07 1.9057e-07 1.62957e-07 1.45985e-07 1.60424e-07 2.85636e-07 2.39235e-07 2.12161e-07 3.28039e-07 3.82207e-07 3.94808e-07 2.34975e-07 1.86552e-07 3.51268e-07 2.98622e-07 1.78938e-07 2.00686e-07 2.14038e-07 2.74536e-07 3.57564e-07 2.22831e-07 2.21959e-07 2.76249e-07 1.76132e-07 3.3201e-07 3.44832e-07 3.05294e-07 3.45981e-07 3.49172e-07 1.54957e-07 1.53349e-07 2.69218e-07 3.26085e-07 3.27845e-07 2.61439e-07 1.21523e-07 3.18083e-07 3.71849e-07 2.93969e-07 2.76129e-07 2.39328e-07 1.50997e-07 1.61547e-07 2.85432e-07 2.0373e-07 1.57547e-07 1.43437e-07 1.36808e-07 2.02827e-07 2.28086e-07 2.57522e-07 2.45668e-07 2.11465e-07 1.13762e-07 2.53711e-07 3.22368e-07 1.20645e-07 1.16225e-07 3.92278e-08 4.82813e-08 6.43127e-08 1.03962e-07 6.34878e-08 3.85722e-08 9.75877e-08 4.92546e-08 7.16587e-08 1.30568e-07 1.26818e-07 1.26445e-07 1.33291e-07 7.8651e-08 8.04365e-08 6.49794e-08 7.8585e-08 6.47129e-08 6.54176e-08 5.67668e-08 5.45555e-08 4.80141e-08 8.6588e-08 1.12278e-07 1.20085e-07 6.46415e-08 6.91535e-08 1.12126e-07 1.16135e-07 1.84488e-08 8.26191e-08 1.10174e-07 1.14946e-07 1.28507e-07 1.04458e-07 1.11842e-07 1.06324e-07 6.01811e-08 5.71558e-08 5.96508e-08 5.4804e-08 5.15345e-08 5.56406e-08 7.50589e-08 5.6393e-08 6.35198e-08 5.80362e-08 5.37187e-08 4.56097e-08 4.7377e-08 4.86764e-08 3.59707e-08 3.74696e-08 9.04292e-08 6.85774e-08 1.19963e-07 1.09048e-07 5.93621e-08 3.52398e-08 4.80694e-08 6.845e-08 6.49145e-08 9.93633e-08 1.03829e-07 1.62058e-07 1.08938e-07 8.72327e-08 8.54054e-08 7.58826e-09 7.91002e-08 6.24077e-08 5.24527e-08 1.00152e-07 1.13597e-07 1.36734e-07 2.91602e-08 5.26326e-08 3.72544e-08 3.66618e-08 1.52433e-08 1.34954e-08 2.18638e-08 2.92581e-08 3.62091e-08 1.35491e-08 8.49959e-09 1.51472e-08 1.67464e-08 1.01779e-07 5.87826e-08 2.13119e-08 1.60867e-08 1.5629e-08 2.18525e-08 2.38989e-08 3.41804e-08 5.5537e-08 9.76783e-09 1.39355e-08 1.85457e-08 1.84165e-08 2.02727e-08 1.74193e-08 6.52632e-09 6.94455e-09 1.76921e-08 9.86166e-08 9.82837e-08 7.60839e-08 6.96825e-08 7.34931e-09 7.05709e-08 5.87315e-08 6.26811e-08 1.09584e-07 1.06014e-07 2.61477e-08 9.8173e-08 9.46278e-08 9.5341e-08 8.55976e-09 3.18828e-08 1.76405e-08 2.11856e-08 5.37049e-08 1.00539e-07 5.35622e-08 6.18859e-08 5.0131e-08 6.62261e-08 6.88084e-08 7.6017e-08 7.38759e-08 7.15588e-08 5.20208e-08 1.30226e-08 1.5765e-08 1.3973e-08 3.36861e-08 3.12455e-08 8.32324e-09 7.75367e-09 6.85284e-09 7.60557e-09 1.56491e-08 1.01507e-08 1.84356e-08 1.43808e-08 6.81982e-09 8.38561e-09 1.15211e-08 8.63373e-09 6.63748e-08 1.91745e-08 4.39037e-08 4.10725e-08 1.11324e-07 7.56732e-09 9.27116e-08 8.32438e-08 1.2008e-07 1.32561e-07 1.2985e-07 7.8366e-09 1.14674e-07 1.43764e-08 4.1964e-08 6.17572e-08 5.68896e-08 5.65833e-08 7.26853e-08 5.08909e-08 1.54396e-08 1.46783e-08 3.05185e-08 4.05057e-08 6.97327e-09 2.36408e-08 7.78863e-09 6.73163e-09 6.3248e-09 1.55915e-08 2.62478e-08 2.73498e-08 1.66503e-08 1.18689e-08 6.73404e-09 1.83418e-08 1.78357e-08 3.43295e-08 3.09507e-08 1.24704e-08 2.11569e-08 8.90406e-09 6.92745e-08 6.12376e-08 4.44861e-08 5.455e-08 2.6559e-08 8.10251e-08 4.53918e-08 4.61368e-08 3.22199e-08 1.00822e-07 5.05646e-08 3.58554e-08 4.69168e-08 8.29696e-09 9.5088e-09 1.29084e-08 6.57043e-09 3.91046e-08 3.24224e-08 1.98468e-08 8.33123e-08 7.83085e-08 2.49442e-08 7.72343e-08 3.03272e-08 8.13683e-08 5.10237e-08 4.21971e-08 9.26723e-09 3.99385e-08 5.41576e-08 5.23262e-08 7.6852e-08 1.15198e-07 3.50859e-08 1.07255e-07 9.26448e-08 7.0263e-09 4.70912e-08 4.29322e-08 3.52937e-08 7.03313e-08 2.66947e-08 3.31225e-08 6.90761e-09 8.52742e-09 7.74821e-09 8.08358e-08 6.14585e-08 1.9445e-08 2.78157e-08 4.96626e-08 3.41774e-08NOTICE: 
distance_sum 6.11168e-05

-----------------------------------------------------------------------
5 stopni

INFO: HomogMatrix:
0.995953  -0.0898786  0  0  0.0898786  0.995953  0  0  0  0  1  0  

NOTICE: CloudTransformer::transform_xyzsift() saved

NOTICE: view number: 4
NOTICE: transformacja: 
     0.99593    0.0901031  -0.00210397  0.000173086
  -0.0901014     0.995932  0.000890314 -0.000134813
  0.00217563  -0.00069712     0.999997  1.04842e-05
           0            0            0            1

NOTICE: distances: 

 1.60174e-08 1.62603e-08 1.55109e-08 1.8245e-08 8.82522e-09 2.37536e-08 7.38342e-09 4.49174e-08 2.68434e-08 2.9494e-08 2.93552e-08 1.84123e-08 1.86376e-08 2.62726e-08 2.41678e-08 2.48762e-08 3.10778e-08 1.94151e-08 3.54981e-08 3.45496e-08 2.6866e-08 5.33146e-08 5.38078e-08 3.01278e-08 1.48594e-08 2.18121e-08 2.52699e-08 2.14578e-08 6.19531e-09 1.30987e-08 1.28452e-08 1.28113e-08 1.22802e-08 3.42242e-08 3.26791e-08 1.79008e-08 3.24294e-08 2.24194e-08 2.37382e-08 1.89064e-08 8.82017e-09 1.02962e-08 1.0727e-08 5.00577e-08 4.45578e-08 2.58762e-08 2.47692e-08 2.06855e-08 1.94511e-08 2.53411e-08 1.06545e-08 3.68131e-08 2.24993e-08 3.74991e-08 1.23331e-08 1.25399e-08 2.47652e-08 2.47024e-08 7.15416e-09 7.45431e-09 7.86361e-09 2.45198e-08 2.47339e-08 3.43174e-08 3.40202e-08 1.88309e-08 2.11687e-08 2.81288e-08 2.79853e-08 6.26207e-09 6.29298e-09 7.40804e-09 2.49834e-08 2.41875e-08 4.52022e-08 2.78838e-08 8.68254e-09 8.23485e-09 1.53984e-08 1.54145e-08 8.89111e-09 9.34481e-09 1.1089e-08 1.4278e-08 1.39206e-08 1.24776e-08 1.32016e-08 9.20172e-09 9.29762e-09 1.8156e-08 1.0337e-08 3.29573e-08 3.38171e-08 2.54327e-08 3.17491e-08 1.61373e-08 1.74494e-08 1.85339e-08 2.03572e-08 1.84965e-08 1.32714e-08 3.45338e-08 3.01351e-08 2.72456e-08 1.89667e-08 1.16886e-08 1.11087e-08 2.39926e-08 8.22877e-09 1.52891e-08 1.64527e-08 3.09593e-08 3.07527e-08 2.76393e-08 2.6502e-08 2.70915e-08 1.06354e-08 6.83297e-09 1.64118e-08 2.55297e-08 2.55842e-08 2.81474e-08 2.30684e-08 1.95067e-08 1.13753e-08 1.10118e-08 2.64882e-08 2.32529e-08 2.73254e-08 1.36639e-08 2.31261e-08 2.37738e-08 1.87747e-08 1.89866e-08 5.94991e-09 2.22295e-08 2.38785e-08 3.67153e-08 3.9121e-08 3.81963e-08 3.02634e-08 2.72486e-08 1.06595e-08 2.733e-08 4.60861e-08 1.39436e-08 2.65501e-08 2.32933e-08 2.26996e-08 2.90322e-08 2.93261e-08 1.5338e-08 1.4253e-08 6.81038e-09 3.12415e-08 3.3225e-08 1.486e-08 2.28856e-08 2.29663e-08 2.39062e-08 3.16534e-08 3.19715e-08 1.71196e-08 1.26062e-08 3.73459e-08 3.74856e-08 7.52717e-09 3.37529e-08 4.14358e-08 1.13982e-08 1.17028e-08 3.40812e-08 1.76523e-08 3.0918e-08 3.78087e-08 1.79465e-08 1.69865e-08 1.66327e-08 2.80064e-08 3.77544e-08 2.43142e-08 3.64312e-08 4.1738e-08 3.98261e-08 2.96e-08 3.36387e-08 2.84965e-08 2.69009e-08 3.56926e-08 4.00663e-08 3.64341e-08 3.61363e-08 2.90286e-08 2.62147e-08 2.87679e-08 2.60811e-08 2.6192e-08 2.5747e-08 3.32587e-08 2.93199e-08 3.24538e-08 3.85205e-08 4.15595e-08 4.21077e-08 3.07918e-08 2.98626e-08 4.00835e-08 3.45236e-08 2.92282e-08 2.89265e-08 2.93561e-08 3.30245e-08 3.74378e-08 2.98101e-08 2.90701e-08 3.25525e-08 2.61197e-08 3.45368e-08 3.6745e-08 3.32993e-08 3.96043e-08 3.75145e-08 2.56258e-08 2.63462e-08 3.24534e-08 3.56167e-08 3.57692e-08 3.20035e-08 2.44162e-08 3.24083e-08 3.89225e-08 3.5655e-08 3.40055e-08 2.9948e-08 2.82834e-08 2.76021e-08 3.80456e-08 3.1184e-08 2.61977e-08 2.56402e-08 2.63042e-08 3.38838e-08 3.32644e-08 3.2147e-08 3.2771e-08 2.95083e-08 2.62609e-08 3.61108e-08 3.62119e-08 2.32138e-08 2.54416e-08 5.6905e-08 5.24691e-08 6.54174e-08 7.24471e-08 6.66446e-08 6.31782e-08 7.14036e-08 6.78324e-08 6.59172e-08 4.95642e-08 4.80773e-08 4.71151e-08 4.87562e-08 5.46408e-08 5.28213e-08 5.43435e-08 5.46074e-08 5.42179e-08 5.62312e-08 5.36131e-08 5.38937e-08 5.42136e-08 6.93942e-08 7.62291e-08 7.22755e-08 6.97153e-08 6.51117e-08 7.46382e-08 7.22873e-08 6.09961e-08 7.00004e-08 7.3714e-08 7.31659e-08 5.1404e-08 5.14349e-08 5.04797e-08 4.82811e-08 5.12043e-08 5.45115e-08 5.3967e-08 5.66739e-08 5.37231e-08 5.20242e-08 4.93369e-08 5.67751e-08 5.61645e-08 5.88527e-08 5.26438e-08 5.37591e-08 5.14533e-08 5.22946e-08 5.29368e-08 5.38582e-08 7.11429e-08 6.52519e-08 4.97435e-08 5.09863e-08 5.4515e-08 6.22281e-08 6.05753e-08 6.6643e-08 6.5339e-08 7.23787e-08 7.32956e-08 7.86155e-08 7.21306e-08 5.24291e-08 5.06002e-08 5.68192e-08 5.46927e-08 5.04433e-08 5.87255e-08 7.11714e-08 7.2469e-08 7.50725e-08 5.39508e-08 6.49114e-08 5.85799e-08 6.12525e-08 5.09997e-08 3.70374e-09 7.98073e-09 1.38649e-08 2.37399e-08 1.48545e-08 1.43096e-08 6.35957e-09 6.95417e-09 8.71889e-09 7.2663e-09 5.46132e-09 4.9593e-09 4.50158e-09 6.7774e-09 1.7399e-08 1.76825e-08 3.94559e-08 1.32797e-08 1.46537e-08 1.40988e-08 1.45026e-08 1.46079e-08 1.10661e-08 9.09589e-09 6.10268e-09 7.18308e-09 8.07653e-09 8.84336e-09 8.33035e-09 7.14729e-09 4.59243e-09 7.63839e-09 6.97586e-09 7.29754e-09 8.50776e-09 7.90713e-09 5.65908e-09 7.72055e-09 7.91513e-09 7.34657e-09 3.62266e-09 4.95466e-09 3.96493e-09 8.90857e-09 1.22481e-08 1.51788e-08 1.46976e-08 2.76497e-08 2.97907e-08 2.90734e-08 2.8423e-08 3.05027e-08 3.09948e-08 3.17789e-08 4.07938e-08 1.33874e-08 1.46986e-08 1.41806e-08 1.32906e-08 1.27191e-08 1.25949e-08 1.32482e-08 1.05856e-08 1.198e-08 1.28411e-08 1.21896e-08 1.13597e-08 1.11735e-08 1.1059e-08 9.97493e-09 9.92707e-09 6.2768e-09 8.60349e-09 6.89985e-09 6.80017e-09 6.98129e-09 8.13781e-09 5.33924e-09 7.96848e-09 7.81565e-09 8.2262e-09 8.07604e-09 7.62696e-09 3.65975e-09 6.11042e-09 4.60992e-09 9.09817e-09 1.23436e-08 1.29353e-08 1.39358e-08 1.46861e-08 3.16425e-08 1.65262e-08 1.51935e-08 1.47834e-08 1.46564e-08 1.1694e-08 1.23394e-08 9.62405e-09 6.34422e-09 6.59567e-09 7.02285e-09 7.09143e-09 7.52472e-09 6.79635e-09 6.34782e-09 5.9508e-09 5.82352e-09 5.86412e-09 6.38171e-09 6.66307e-09 5.15236e-09 5.62367e-09 3.86209e-09 5.52915e-09 5.59515e-09 6.32183e-09 6.78759e-09 6.16639e-09 1.22996e-08 1.32004e-08 1.18036e-08 1.2911e-08 1.45445e-08 1.70647e-08 2.50002e-08 2.79522e-08 1.30464e-08 1.02653e-08 1.11386e-08 5.16754e-09 5.1135e-09 5.58448e-09 8.83972e-09 9.99615e-09 9.65863e-09 1.0797e-08 1.16552e-08 1.73556e-08 2.54661e-08 3.72801e-08 3.95058e-08 4.9942e-09 8.1786e-09 8.59393e-09 8.701e-09 2.36325e-08 8.435e-09 5.23339e-09 3.80528e-08 4.00385e-08 4.62548e-09 1.62368e-08 1.63011e-08 1.42472e-08 1.45738e-08 1.86082e-08 3.07733e-08 1.08612e-08 5.80425e-09 3.83817e-09 7.89779e-09 6.7122e-09 1.05768e-08 2.54283e-08 2.98659e-08 6.38284e-09NOTICE: 
distance_sum 1.31228e-05

-----------------------------------------------------------------------
10 stopni

INFO: HomogMatrix:
0.985585  -0.169182  0  0  0.169182  0.985585  0  0  0  0  1  0  

NOTICE: CloudTransformer::transform_xyzsift() saved

NOTICE: view number: 4
NOTICE: transformacja: 
    0.985548     0.169391   0.00146902 -4.43918e-05
   -0.169392     0.985548   0.00115416 -4.97682e-05
 -0.00125229  -0.00138632     0.999998 -4.70397e-05
           0            0            0            1

NOTICE: distances: 

 3.60342e-08 3.6162e-08 3.59806e-08 3.50712e-08 2.44717e-08 2.41007e-08 1.10675e-08 5.52296e-09 4.80386e-08 4.8297e-08 5.04509e-08 4.01776e-08 4.11884e-08 4.18586e-08 3.68622e-08 3.85754e-08 3.23337e-08 2.40135e-08 3.25646e-08 3.18385e-08 2.61717e-08 2.18473e-08 2.09886e-08 4.75836e-08 3.9223e-08 3.97947e-08 4.33271e-08 3.89251e-08 1.56631e-08 1.82727e-08 1.82408e-08 1.7692e-08 1.84037e-08 3.10723e-08 3.04765e-08 1.96502e-08 2.75096e-08 1.97944e-08 2.10456e-08 1.69573e-08 6.51308e-09 5.25584e-09 5.77604e-09 1.80771e-08 1.40248e-08 4.95136e-08 4.73611e-08 4.3965e-08 4.16842e-08 2.99066e-08 2.04633e-08 3.71385e-08 2.78758e-08 3.58895e-08 2.06256e-08 2.06723e-08 2.70906e-08 2.59194e-08 1.36211e-08 1.47643e-08 1.45361e-08 2.66731e-08 2.60965e-08 2.94765e-08 3.00952e-08 2.0369e-08 2.16265e-08 2.4105e-08 2.26073e-08 7.31813e-09 7.71288e-09 6.55675e-09 6.15297e-09 5.89056e-09 1.00458e-08 4.59642e-08 1.81138e-08 1.75172e-08 1.82518e-08 2.02026e-08 1.47566e-08 1.4594e-08 1.61478e-08 1.79636e-08 1.88344e-08 1.66237e-08 1.61736e-08 1.3574e-08 1.36438e-08 1.97363e-08 4.71615e-09 1.29576e-08 1.31753e-08 6.23232e-09 1.15056e-08 3.75405e-08 3.67495e-08 3.82576e-08 3.14464e-08 3.01993e-08 2.73341e-08 3.30306e-08 3.13127e-08 2.95877e-08 2.43439e-08 2.02614e-08 1.84714e-08 2.68041e-08 1.42497e-08 1.82629e-08 1.93211e-08 2.76657e-08 2.87221e-08 2.56975e-08 2.71389e-08 2.60162e-08 1.42726e-08 1.12544e-08 1.63874e-08 9.12017e-09 8.96822e-09 1.04711e-08 4.3737e-08 3.92632e-08 3.27212e-08 3.25595e-08 3.7981e-08 3.53457e-08 3.76109e-08 2.88292e-08 3.46928e-08 2.63151e-08 2.22636e-08 2.26602e-08 1.27763e-08 2.56068e-08 2.51846e-08 3.35031e-08 3.22079e-08 3.30385e-08 2.70454e-08 2.54083e-08 1.31574e-08 5.70612e-09 1.16243e-08 3.59364e-08 4.2586e-08 3.90309e-08 4.037e-08 4.04178e-08 4.07988e-08 3.11596e-08 3.0656e-08 1.63423e-08 3.1106e-08 3.12067e-08 1.6538e-08 4.54539e-08 4.51346e-08 4.65988e-08 4.10226e-08 4.11399e-08 3.08836e-08 2.88611e-08 7.42258e-09 5.0974e-08 1.42881e-08 9.71597e-09 7.07098e-09 1.68605e-08 3.04877e-08 2.1511e-08 1.09958e-08 1.2128e-08 9.28455e-09 3.92816e-08 3.93876e-08 4.03971e-08 4.86198e-08 4.35414e-08 4.10921e-08 4.69658e-08 5.00922e-08 4.88092e-08 4.70811e-08 4.9237e-08 4.77492e-08 4.9147e-08 5.33965e-08 5.19901e-08 5.07592e-08 5.03697e-08 4.63313e-08 4.84211e-08 4.87914e-08 4.82977e-08 4.5166e-08 4.52344e-08 5.07132e-08 5.02999e-08 4.48677e-08 4.75622e-08 5.16883e-08 4.94597e-08 4.69566e-08 4.51114e-08 5.09843e-08 4.85309e-08 4.66552e-08 4.49813e-08 4.82726e-08 4.81447e-08 5.20564e-08 4.85582e-08 4.70686e-08 5.12591e-08 4.85065e-08 5.32943e-08 5.12536e-08 5.09316e-08 5.09347e-08 5.09637e-08 4.65561e-08 4.56676e-08 4.83186e-08 5.21923e-08 5.22231e-08 5.01487e-08 4.51091e-08 5.1871e-08 4.99439e-08 4.85303e-08 4.7846e-08 4.97109e-08 3.80576e-08 3.82831e-08 4.65101e-08 4.43447e-08 4.70277e-08 4.73594e-08 3.83698e-08 4.32702e-08 4.21965e-08 4.77442e-08 4.91971e-08 4.75027e-08 4.00212e-08 4.39533e-08 5.00757e-08 3.68793e-08 3.94737e-08 7.0323e-09 6.22452e-09 1.66273e-08 1.85765e-08 1.62556e-08 1.45733e-08 1.89789e-08 1.53775e-08 1.71486e-08 5.76591e-09 5.12801e-09 5.71625e-09 5.14702e-09 6.83793e-09 6.24076e-09 6.95186e-09 7.09784e-09 7.23612e-09 7.19193e-09 6.99499e-09 6.44408e-09 6.73645e-09 1.74718e-08 1.95097e-08 2.02214e-08 1.74158e-08 1.6458e-08 2.00462e-08 2.06254e-08 1.17241e-08 1.80254e-08 2.00366e-08 1.94961e-08 5.75026e-09 5.82021e-09 6.27461e-09 5.65531e-09 6.38151e-09 6.80957e-09 6.95659e-09 7.90489e-09 6.63596e-09 6.40782e-09 5.8172e-09 7.69348e-09 8.01157e-09 8.00049e-09 6.43142e-09 6.80351e-09 7.32596e-09 6.09623e-09 7.17065e-09 7.36077e-09 1.90628e-08 1.63679e-08 5.81365e-09 6.078e-09 7.09355e-09 1.43273e-08 8.60183e-09 1.61611e-08 1.63473e-08 1.93626e-08 2.02223e-08 2.40877e-08 1.9636e-08 6.74017e-09 6.08979e-09 1.16617e-08 6.92713e-09 5.8172e-09 8.56811e-09 1.67363e-08 2.05758e-08 2.1164e-08 8.49457e-09 1.36361e-08 1.04515e-08 1.39953e-08 7.44924e-09 1.07006e-08 5.0377e-09 3.13334e-09 2.54012e-09 3.58059e-08 3.55465e-08 2.07923e-08 1.97464e-08 1.80097e-08 1.77831e-08 1.78281e-08 1.7946e-08 8.42688e-09 5.86901e-09 2.55184e-09 2.34071e-09 3.1289e-09 3.46468e-08 3.48731e-08 3.51672e-08 3.46837e-08 3.33997e-08 2.87327e-08 2.80624e-08 2.32601e-08 2.18046e-08 1.90805e-08 2.03735e-08 1.95424e-08 1.771e-08 1.91576e-08 1.69302e-08 1.7139e-08 1.69896e-08 1.64551e-08 1.70133e-08 1.6873e-08 1.66701e-08 1.58366e-08 1.57357e-08 1.20328e-08 7.51501e-09 9.51864e-09 3.86007e-09 8.30062e-10 2.69017e-10 2.98436e-10 1.02801e-09 1.40239e-09 1.25482e-09 1.19184e-09 1.25563e-09 1.34918e-09 1.74061e-09 3.60914e-09 3.54919e-08 3.53678e-08 3.55491e-08 3.25267e-08 3.29276e-08 3.22927e-08 3.39841e-08 3.35275e-08 3.46583e-08 3.28228e-08 3.19732e-08 3.13364e-08 3.08533e-08 3.06953e-08 3.03354e-08 2.87419e-08 2.25799e-08 2.1602e-08 2.0885e-08 1.86702e-08 1.8009e-08 1.60045e-08 1.91624e-08 1.70257e-08 1.72897e-08 1.61816e-08 1.70552e-08 1.59822e-08 1.16062e-08 8.84415e-09 8.4209e-09 1.94759e-09 7.98912e-10 8.51361e-10 5.50512e-10 4.75661e-10 1.60067e-09 3.61036e-08 3.63268e-08 3.28788e-08 3.22589e-08 3.27874e-08 3.05264e-08 2.99951e-08 2.29958e-08 2.26167e-08 2.20618e-08 2.10698e-08 1.99264e-08 2.02292e-08 2.08378e-08 2.01497e-08 1.8883e-08 1.9395e-08 1.8449e-08 1.92758e-08 1.8523e-08 1.79335e-08 1.47488e-08 6.86792e-09 6.8447e-09 5.33605e-09 4.66973e-09 4.79913e-09 1.04213e-09 1.12257e-09 1.06985e-09 8.77878e-10 3.03261e-10 4.06379e-10 1.12574e-09 7.91507e-10 3.69147e-08 3.23716e-08 3.0015e-08 2.05166e-08 7.3995e-09 5.95192e-09 3.16736e-09 1.88251e-09 1.81914e-09 1.97039e-09 1.01858e-09 7.44991e-10 4.5732e-10 3.11439e-09 3.5097e-09 1.70307e-08 2.43668e-09 2.40762e-09 2.47424e-09 2.97627e-10 1.74713e-08 1.70614e-08 3.1762e-09 3.39129e-09 1.80953e-08 4.0799e-10 4.06855e-10 3.21428e-08 4.19918e-10 7.72138e-10 2.37799e-09 3.27436e-08 2.06821e-08 1.69153e-08 1.88349e-08 4.5072e-09 2.71169e-09 1.67023e-09 1.63433e-09 4.49847e-09NOTICE: 
distance_sum 1.14529e-05

-----------------------------------------------------------------------
30 stopni

INFO: HomogMatrix:
0.867819  -0.49688  0  0  0.49688  0.867819  0  0  0  0  1  0  

NOTICE: CloudTransformer::transform_xyzsift() saved

NOTICE: view number: 4
NOTICE: transformacja: 
    0.863972     0.503538 -0.000946951  9.15686e-05
   -0.503538     0.863973 -2.97135e-05  4.86753e-06
 0.000803178  0.000502498            1 -3.95799e-05
           0            0            0            1

NOTICE: distances: 

 5.71552e-08 6.44386e-08 6.8201e-08 1.43219e-07 2.6851e-08 1.86508e-07 1.99357e-08 8.86173e-09 1.42979e-07 2.13795e-07 1.9961e-07 5.88656e-08 6.73703e-08 1.82183e-07 2.05204e-07 2.16065e-07 3.3403e-07 1.62702e-07 3.21447e-07 3.40987e-07 2.58832e-07 2.51725e-07 2.49465e-07 2.39862e-07 5.19681e-08 1.30279e-07 1.86917e-07 1.3864e-07 2.46082e-08 8.36607e-08 7.73207e-08 8.12259e-08 9.3262e-08 3.20976e-07 3.04408e-07 1.31775e-07 2.88291e-07 1.70624e-07 1.73856e-07 1.35409e-07 5.37917e-09 7.64837e-09 7.04081e-09 1.74398e-07 1.10157e-07 1.37293e-07 1.39879e-07 9.02714e-08 9.06805e-08 2.21361e-07 7.4022e-08 3.81999e-07 2.06975e-07 3.6103e-07 8.35612e-08 8.51644e-08 2.1293e-07 2.00999e-07 2.52136e-08 3.01506e-08 2.84978e-08 2.08497e-07 2.18178e-07 3.26616e-07 3.22049e-07 1.46301e-07 1.51156e-07 2.44242e-07 2.15482e-07 2.24634e-09 3.68915e-09 3.73865e-09 2.66062e-08 2.04453e-08 4.51999e-08 1.67713e-07 4.51533e-08 4.49673e-08 1.11117e-07 1.21127e-07 4.23812e-08 3.51375e-08 5.96346e-08 9.95466e-08 9.74825e-08 8.08394e-08 7.05085e-08 4.43234e-08 3.2695e-08 1.37652e-07 4.22341e-09 1.16482e-07 1.11201e-07 2.65238e-08 7.77868e-08 7.22858e-08 1.00424e-07 8.91752e-08 1.63137e-07 1.31628e-07 9.09366e-08 3.3143e-07 2.78298e-07 2.34509e-07 1.75125e-07 7.33319e-08 7.34576e-08 2.17099e-07 3.45633e-08 1.12074e-07 1.09022e-07 2.6897e-07 2.90614e-07 2.36853e-07 2.46976e-07 2.41498e-07 5.47775e-08 2.31393e-08 9.85707e-08 5.7346e-08 5.64531e-08 6.82355e-08 1.40222e-07 1.24544e-07 3.57476e-08 3.75933e-08 2.36222e-07 1.94877e-07 2.35937e-07 8.52999e-08 2.24576e-07 2.01209e-07 1.60678e-07 1.51988e-07 1.35801e-08 2.06792e-07 2.02448e-07 3.73677e-07 3.54577e-07 3.64549e-07 2.58992e-07 2.41438e-07 4.76413e-08 2.90676e-08 6.87947e-08 5.01698e-08 2.09839e-07 1.74393e-07 1.67936e-07 2.4273e-07 2.33945e-07 9.5537e-08 9.7653e-08 3.17298e-08 3.30193e-07 3.42541e-07 8.68863e-08 1.22298e-07 1.20917e-07 1.12656e-07 2.82152e-07 2.92314e-07 1.25075e-07 7.05867e-08 3.13433e-08 3.06319e-07 2.64471e-08 7.13913e-08 2.08887e-08 6.77409e-08 3.87672e-08 2.34304e-07 7.26024e-08 1.00088e-07 5.97597e-08 2.89394e-08 2.66931e-08 2.09115e-08 1.28218e-07 2.10917e-07 9.34479e-08 2.08749e-07 2.54931e-07 2.44427e-07 1.1644e-07 1.71952e-07 1.19815e-07 1.29026e-07 2.12563e-07 2.26732e-07 2.06449e-07 2.09252e-07 1.03732e-07 1.14148e-07 1.19511e-07 9.27261e-08 9.32359e-08 9.15684e-08 1.75863e-07 1.47831e-07 1.48981e-07 2.19288e-07 2.52905e-07 2.64373e-07 1.597e-07 1.33964e-07 2.20591e-07 1.8493e-07 1.25545e-07 1.30048e-07 1.29236e-07 1.79761e-07 2.44193e-07 1.25936e-07 1.35301e-07 1.74208e-07 1.13146e-07 2.05673e-07 1.97733e-07 1.82941e-07 2.25246e-07 2.22976e-07 9.95618e-08 9.33062e-08 1.67646e-07 2.06714e-07 2.06025e-07 1.71793e-07 9.0088e-08 2.00556e-07 2.55627e-07 2.19662e-07 1.71394e-07 1.48195e-07 1.32108e-07 1.48525e-07 2.05541e-07 1.41756e-07 9.32559e-08 9.24383e-08 1.4215e-07 1.64694e-07 1.63511e-07 1.56264e-07 1.64941e-07 1.19521e-07 1.16631e-07 1.81203e-07 1.90366e-07 1.09335e-07 1.18931e-07 4.81548e-08 3.46322e-08 1.4256e-07 1.93774e-07 1.35234e-07 1.0427e-07 1.87871e-07 1.50325e-07 1.38328e-07 6.9188e-08 6.82174e-08 6.35068e-08 7.00458e-08 6.37979e-08 6.19681e-08 7.80605e-08 7.28396e-08 6.19442e-08 6.4856e-08 5.60505e-08 5.87457e-08 4.28776e-08 1.83109e-07 2.1504e-07 2.31282e-07 1.52688e-07 1.46437e-07 2.16482e-07 2.11933e-07 7.69489e-08 1.67117e-07 2.22474e-07 2.10705e-07 6.49086e-08 7.15972e-08 6.77143e-08 5.8805e-08 4.40198e-08 5.7567e-08 5.81113e-08 6.73756e-08 4.8324e-08 5.06628e-08 4.08128e-08 7.01873e-08 8.3355e-08 7.76373e-08 4.00478e-08 3.89124e-08 4.17158e-08 3.71144e-08 4.42432e-08 4.74521e-08 1.82004e-07 1.47619e-07 6.896e-08 6.58208e-08 6.76718e-08 1.0331e-07 7.06224e-08 1.47654e-07 1.50707e-07 1.9886e-07 2.03364e-07 2.79609e-07 2.07211e-07 5.62308e-08 5.43834e-08 4.67546e-08 7.64785e-08 3.9231e-08 7.0958e-08 1.83397e-07 2.09712e-07 2.46732e-07 4.64735e-08 1.24417e-07 7.51203e-08 9.86826e-08 1.37838e-08 1.75404e-09 2.49823e-09 4.30515e-09 4.91894e-09 3.09919e-08 1.39142e-08 2.99208e-08 2.7171e-08 1.2819e-07 7.95979e-08 3.48528e-08 2.22533e-08 1.88062e-09 1.74684e-09 4.16207e-09 4.43361e-09 7.09403e-09 1.68969e-08 3.00055e-08 3.1757e-08 3.35826e-08 3.42646e-08 3.42536e-08 1.52729e-08 5.34084e-09 3.19282e-08 9.73434e-08 1.11557e-07 1.04279e-07 8.96683e-08 8.70396e-09 8.50417e-08 8.26409e-08 8.26836e-08 1.22163e-07 1.27497e-07 4.37285e-08 1.07031e-07 1.07021e-07 1.08958e-07 7.38776e-09 3.80206e-08 1.53401e-09 2.48073e-09 3.53344e-08 6.3157e-08 3.51006e-08 1.99659e-08 1.24314e-08 3.43396e-08 2.41396e-08 2.53698e-08 2.57914e-08 2.77444e-08 8.33946e-09 2.56497e-08 3.36411e-08 3.4083e-08 4.82552e-08 6.02301e-08 2.0996e-08 1.84613e-08 1.18327e-08 1.01719e-08 2.98241e-08 2.73535e-08 2.82206e-08 2.70104e-08 9.00464e-09 1.59955e-08 1.98683e-08 1.37859e-08 8.89217e-08 2.84438e-08 5.72395e-08 5.95944e-08 1.23369e-07 1.41089e-08 1.00964e-07 9.67056e-08 1.36949e-07 1.45391e-07 1.38022e-07 1.36287e-08 1.1293e-07 1.65359e-08 3.74953e-08 4.61956e-08 3.61945e-08 3.77469e-08 4.03524e-08 1.31393e-08 2.64815e-08 2.28363e-08 4.26539e-08 6.6893e-08 1.46352e-08 4.85838e-08 7.44048e-09 1.10485e-08 8.67602e-09 2.20571e-08 3.902e-08 4.04775e-08 2.65873e-08 2.51408e-08 1.04058e-08 2.7645e-08 2.70107e-08 3.14149e-08 5.02492e-08 2.06425e-08 3.90766e-08 1.09278e-08 8.3051e-08 7.07515e-08 3.6088e-08 4.72293e-08 2.56568e-08 6.63928e-08 2.51877e-08 2.02668e-08 1.60022e-08 6.8248e-08 2.93902e-08 5.63051e-09 1.31832e-08 7.4462e-09 5.81705e-09 2.58601e-08 5.85007e-09 3.71589e-08 3.22944e-08 8.4263e-09 6.33467e-08 6.60674e-08 1.34092e-08 5.51557e-08 1.10351e-08 4.42738e-08 5.0606e-09 2.37416e-09 2.15002e-08 3.71794e-08 4.47377e-08 4.86544e-08 4.33721e-08 1.25908e-07 5.04474e-08 3.77483e-08 3.41235e-08 1.0033e-08 2.35179e-08 2.17503e-08 5.2745e-08 5.7851e-08 7.83233e-09 1.8212e-09 1.03319e-08 1.60083e-08 6.36329e-09 8.99786e-08 6.08072e-08 2.35487e-09 2.12425e-09 7.65863e-09 3.27881e-08NOTICE: 
distance_sum 5.14419e-05

-----------------------------------------------------------------------
60 stopni

INFO: HomogMatrix:
0.497571  -0.867423  0  0  0.867423  0.497571  0  0  0  0  1  0  

NOTICE: CloudTransformer::transform_xyzsift() saved

NOTICE: view number: 4
NOTICE: transformacja: 
    0.501352     0.865243  0.000753116   -0.0002125
   -0.865239     0.501346   0.00380143 -3.81156e-05
  0.00291159  -0.00255748     0.999992 -7.12909e-05
           0            0            0            1

NOTICE: distances: 

 3.63975e-07 3.58849e-07 3.46833e-07 3.82e-07 2.53699e-07 2.9518e-07 1.37643e-07 4.87018e-08 4.916e-07 5.52335e-07 5.46643e-07 3.82154e-07 3.98977e-07 4.76109e-07 4.35473e-07 4.44246e-07 4.18653e-07 3.16585e-07 4.186e-07 3.92408e-07 3.27424e-07 1.57859e-07 1.55066e-07 5.64094e-07 3.56636e-07 4.52023e-07 4.92992e-07 4.36921e-07 1.85682e-07 2.3381e-07 2.39836e-07 2.29899e-07 2.28881e-07 3.89497e-07 3.76155e-07 2.62633e-07 3.56683e-07 2.44205e-07 2.53864e-07 2.28403e-07 9.07569e-08 8.39505e-08 8.7771e-08 1.36518e-07 1.00233e-07 4.84494e-07 4.85493e-07 4.4514e-07 4.22379e-07 3.85931e-07 2.42515e-07 4.73141e-07 3.60852e-07 4.44614e-07 2.59869e-07 2.44385e-07 3.48546e-07 3.27827e-07 1.6841e-07 1.72757e-07 1.71867e-07 3.3536e-07 3.45663e-07 3.73397e-07 3.88885e-07 2.70771e-07 2.80019e-07 3.1834e-07 2.94144e-07 9.84977e-08 8.90277e-08 9.38084e-08 6.71451e-08 7.08571e-08 5.77503e-08 5.15635e-07 2.20869e-07 2.17372e-07 2.44768e-07 2.42362e-07 1.82419e-07 1.7989e-07 1.89515e-07 2.26447e-07 2.31497e-07 2.09062e-07 2.14909e-07 1.72061e-07 1.77982e-07 2.58885e-07 7.88651e-08 1.28269e-07 1.28916e-07 8.3676e-08 1.03439e-07 3.80702e-07 3.96175e-07 3.82912e-07 3.84767e-07 3.67927e-07 3.1438e-07 4.47519e-07 4.20264e-07 3.7464e-07 3.25666e-07 2.41286e-07 2.42459e-07 3.56162e-07 1.7189e-07 2.48472e-07 2.54357e-07 3.63648e-07 3.65993e-07 3.31348e-07 3.29853e-07 3.4436e-07 1.86242e-07 1.50971e-07 2.12581e-07 9.91979e-08 1.00919e-07 1.14645e-07 4.7517e-07 4.2883e-07 3.08646e-07 3.18006e-07 4.77951e-07 4.33818e-07 4.64298e-07 3.36154e-07 4.17156e-07 3.40507e-07 2.87997e-07 2.72959e-07 1.46721e-07 3.25211e-07 3.17835e-07 4.06549e-07 4.32329e-07 4.11508e-07 3.37458e-07 2.99631e-07 1.71063e-07 7.20936e-08 7.95004e-08 3.35693e-07 5.0138e-07 4.7044e-07 4.80434e-07 5.12539e-07 5.07297e-07 3.51183e-07 3.57071e-07 1.86803e-07 3.94441e-07 3.95769e-07 2.14324e-07 4.64054e-07 4.70351e-07 4.61146e-07 5.17998e-07 5.45781e-07 3.65359e-07 3.04255e-07 5.9735e-08 6.20366e-07 1.59197e-07 8.34406e-08 5.51251e-08 2.26244e-07 2.93803e-07 2.49267e-07 1.52811e-07 1.29104e-07 7.69546e-08 2.5486e-07 2.6012e-07 2.57255e-07 4.93226e-07 5.13971e-07 3.74098e-07 5.48646e-07 5.74003e-07 5.81901e-07 4.89079e-07 5.47902e-07 4.80724e-07 4.89142e-07 5.84772e-07 5.98381e-07 5.68169e-07 5.72365e-07 4.60955e-07 4.85104e-07 4.89237e-07 4.48623e-07 4.67185e-07 4.5875e-07 5.47773e-07 5.19421e-07 4.84639e-07 5.68513e-07 6.1578e-07 6.18543e-07 5.03497e-07 4.82069e-07 5.99226e-07 5.59179e-07 4.79086e-07 4.91989e-07 4.96447e-07 5.42178e-07 5.90893e-07 5.13166e-07 5.0433e-07 5.46682e-07 4.75849e-07 5.78534e-07 5.77069e-07 5.61341e-07 6.07161e-07 5.77677e-07 4.49866e-07 4.3856e-07 5.33909e-07 5.80454e-07 5.86021e-07 5.3566e-07 4.32611e-07 5.61063e-07 6.01639e-07 5.43271e-07 5.49808e-07 5.27179e-07 4.08297e-07 3.89872e-07 5.49243e-07 4.81849e-07 4.68738e-07 4.40205e-07 3.82621e-07 4.821e-07 4.83571e-07 5.06259e-07 5.15003e-07 4.74294e-07 3.794e-07 5.0727e-07 5.69421e-07 3.3256e-07 3.97985e-07 9.25556e-09 9.18965e-09 5.16852e-08 6.52924e-08 5.6888e-08 4.8115e-08 6.96348e-08 5.86188e-08 5.47712e-08 9.08888e-09 9.62429e-09 9.25293e-09 8.94989e-09 7.64539e-09 7.05058e-09 8.863e-09 9.14517e-09 7.52548e-09 9.14515e-09 8.71223e-09 8.89662e-09 9.41357e-09 5.93653e-08 7.62863e-08 7.47792e-08 5.60152e-08 5.76187e-08 7.65719e-08 7.46016e-08 3.82455e-08 6.82747e-08 7.54364e-08 8.13806e-08 9.59837e-09 7.36538e-09 7.81785e-09 8.04714e-09 7.19279e-09 7.51725e-09 8.44108e-09 1.27301e-08 7.88104e-09 8.01219e-09 6.66029e-09 1.25432e-08 1.1718e-08 1.32701e-08 7.37908e-09 9.82971e-09 8.09956e-09 7.39225e-09 9.76164e-09 1.00895e-08 6.68929e-08 6.15085e-08 9.61126e-09 7.66019e-09 8.33684e-09 4.6183e-08 1.48566e-08 4.99426e-08 5.44228e-08 7.12307e-08 7.34785e-08 1.10268e-07 7.53602e-08 6.60393e-09 6.85894e-09 3.76729e-08 7.99598e-09 6.82739e-09 1.4461e-08 5.99314e-08 7.62884e-08 8.99201e-08 1.45894e-08 4.14809e-08 2.08017e-08 4.53028e-08 2.02867e-08 1.01318e-07 7.27152e-08 4.94233e-08 4.91209e-08 2.37084e-07 2.34078e-07 1.55001e-07 1.5187e-07 1.5633e-07 1.42774e-07 1.35849e-07 1.36298e-07 8.67711e-08 7.22695e-08 4.29415e-08 4.90451e-08 1.28043e-08 2.31878e-07 2.28756e-07 2.36999e-07 2.3317e-07 2.22042e-07 1.91328e-07 1.88282e-07 1.77666e-07 1.67362e-07 1.70039e-07 1.61351e-07 1.62964e-07 1.49177e-07 1.48848e-07 1.38092e-07 1.41581e-07 1.48769e-07 1.57519e-07 1.54502e-07 1.34117e-07 1.53606e-07 1.53115e-07 1.49389e-07 1.09491e-07 7.85958e-08 9.84256e-08 6.64874e-08 3.16127e-08 2.70168e-08 2.14028e-08 9.49796e-09 1.21655e-08 7.73662e-09 8.04843e-09 7.42091e-09 8.33551e-09 7.94753e-09 1.40491e-08 2.36274e-07 2.36134e-07 2.32719e-07 2.11903e-07 2.16316e-07 2.16639e-07 2.16891e-07 2.15352e-07 2.16043e-07 2.11523e-07 2.1023e-07 2.16288e-07 2.05231e-07 2.07683e-07 2.02574e-07 2.02788e-07 1.73354e-07 1.61491e-07 1.63174e-07 1.56822e-07 1.41392e-07 1.64876e-07 1.48851e-07 1.46285e-07 1.49983e-07 1.50592e-07 1.48045e-07 1.53861e-07 1.1254e-07 1.05679e-07 8.15463e-08 4.12759e-08 2.99203e-08 2.56622e-08 2.69371e-08 2.33541e-08 1.2666e-08 2.47112e-07 2.39797e-07 2.30296e-07 2.14946e-07 2.15846e-07 2.1799e-07 1.96944e-07 1.65821e-07 1.68863e-07 1.60671e-07 1.52135e-07 1.59138e-07 1.58155e-07 1.49905e-07 1.53381e-07 1.47274e-07 1.47717e-07 1.4789e-07 1.45387e-07 1.43307e-07 1.34568e-07 1.19368e-07 7.97635e-08 8.21041e-08 7.11481e-08 6.37438e-08 6.3487e-08 3.55714e-08 2.96683e-08 3.20861e-08 3.06851e-08 2.69074e-08 2.13694e-08 1.96356e-08 1.18284e-08 2.38453e-07 2.14362e-07 2.00185e-07 1.57872e-07 8.02854e-08 7.22731e-08 4.6209e-08 4.22973e-08 3.99937e-08 3.76613e-08 3.0692e-08 2.24357e-08 1.03775e-08 1.46451e-08 2.19112e-08 1.28299e-07 4.63995e-08 4.54979e-08 3.88207e-08 1.06129e-08 1.57049e-07 1.37651e-07 6.57988e-09 6.68173e-09 1.3974e-07 1.8146e-08 2.09977e-08 2.22271e-07 2.54851e-08 2.50675e-08 2.79421e-08 2.20605e-07 1.51533e-07 1.37057e-07 1.55862e-07 5.58418e-08 4.5887e-08 2.84376e-08 1.42529e-08 5.69678e-08NOTICE: 
distance_sum 0.000112483

-----------------------------------------------------------------------
70 stopni

INFO: HomogMatrix:
0.343646  -0.939099  0  0  0.939099  0.343646  0  0  0  0  1  0  

NOTICE: CloudTransformer::transform_xyzsift() saved

NOTICE: view number: 4
NOTICE: transformacja: 
   0.0257022     0.945062     0.325881 -5.20448e-05
   -0.175185     0.325202    -0.929276 -0.000302913
     -0.9842    -0.033205     0.173919  9.83018e-05
           0            0            0            1

NOTICE: distances: 

 0.0259617 0.0265402 0.0261122 0.0219616 0.0212159 0.010915 0.00977559 2.55259e-05 0.0322756 0.0307757 0.0309617 0.0298353 0.0301498 0.0273453 0.0217053 0.0217556 0.0144489 0.0133241 0.0135025 0.0129398 0.0115896 0.00189447 0.00148759 0.0297177 0.0282793 0.0270035 0.0280732 0.0262977 0.0133796 0.012973 0.0129432 0.0117087 0.0113441 0.0124713 0.0122003 0.0116511 0.0110448 0.00885372 0.00912536 0.00921544 0.00655902 0.00593974 0.00532265 0.00180252 0.00109879 0.0322384 0.0309499 0.0297966 0.0291731 0.0155716 0.0143728 0.0156219 0.0148042 0.0149706 0.0135723 0.01367 0.013305 0.0132394 0.0122828 0.0121676 0.0121333 0.0131914 0.0130296 0.0119095 0.011734 0.011165 0.011138 0.0101568 0.00948367 0.00810947 0.00850812 0.00720189 0.00202529 0.00213303 0.000221759 0.0316587 0.0140022 0.0136467 0.0114157 0.0111623 0.0113677 0.0111722 0.011141 0.0116309 0.0119822 0.0106236 0.0109855 0.0102982 0.0104256 0.0112765 0.00545685 0.00262067 0.00246657 0.00217559 0.00208913 0.0265685 0.0262012 0.0257023 0.019346 0.0190563 0.018682 0.0152476 0.0150054 0.014864 0.0145857 0.0134798 0.0134885 0.0136916 0.0110383 0.0114509 0.0122031 0.0116659 0.0121131 0.0117793 0.0116749 0.0119221 0.0108235 0.0101342 0.0083534 0.0025936 0.0026479 0.00274306 0.0280536 0.0267023 0.0248727 0.0246595 0.0229937 0.0205113 0.0209214 0.019736 0.019052 0.0138488 0.0123976 0.0125191 0.0113651 0.0125029 0.0123881 0.0129006 0.0127032 0.0130804 0.0114425 0.0110156 0.0104032 0.0015691 0.000393187 0.0263842 0.0265506 0.0252623 0.0260438 0.0232897 0.0239072 0.022005 0.0219389 0.0133572 0.0128271 0.013101 0.0102069 0.0301608 0.0298103 0.0304271 0.0228821 0.0229829 0.0205628 0.0206764 0.000827948 0.0286539 0.0117153 0.00133538 0.00029633 0.012659 0.024182 0.00656803 0.00596083 0.0032149 0.000919688 0.033099 0.0336141 0.0335618 0.0345626 0.0372523 0.0352737 0.0356332 0.0364715 0.0377286 0.0341061 0.0353022 0.0347062 0.0344973 0.0351416 0.0355829 0.0359166 0.0356204 0.0346068 0.0356902 0.034644 0.034497 0.0344464 0.0339639 0.0353908 0.0346054 0.035256 0.0354118 0.0369434 0.0367483 0.0357147 0.0363188 0.0355532 0.0343387 0.0346506 0.0347156 0.0352331 0.0350314 0.0353906 0.0346994 0.0349258 0.0348509 0.0345082 0.0353411 0.0354541 0.0353086 0.0356207 0.0352201 0.0347826 0.0351815 0.0349684 0.0348679 0.0353447 0.035026 0.035092 0.0345616 0.0366221 0.0361389 0.0361904 0.0344212 0.0360274 0.0358314 0.0361905 0.0355283 0.0342817 0.0347087 0.0360499 0.0366696 0.0364817 0.0360096 0.0362482 0.0351153 0.0355783 0.0354244 0.035561 0.0365923 0.0354122 0.00225254 0.0019695 0.00194821 0.00220499 0.00188059 0.00143732 0.00179271 0.00162353 0.00154625 0.00311736 0.00315479 0.00303914 0.00281092 0.00299651 0.00292158 0.00291091 0.0031923 0.00283531 0.00307756 0.00264407 0.0028126 0.00234543 0.00228852 0.0022892 0.00232354 0.0018879 0.00164553 0.00205638 0.00201561 0.00106705 0.00166393 0.00204372 0.00191979 0.00337757 0.00305561 0.0033882 0.00275683 0.00236911 0.00251898 0.00256657 0.00280537 0.00252629 0.0024905 0.0023324 0.00304555 0.00272749 0.0028325 0.00213475 0.002219 0.00222745 0.00173216 0.002244 0.00201103 0.00179258 0.00165552 0.00326973 0.00315361 0.00299105 0.00114309 0.0026824 0.00191251 0.00216321 0.00223232 0.00198227 0.00204849 0.00169104 0.00274077 0.0026852 0.000870576 0.00313971 0.00234794 0.00274356 0.0025993 0.00203619 0.0018007 0.0018682 0.00195062 0.00237517 0.00131203 0.000674428 0.011923 0.00653486 0.00388397 0.00172343 0.0310471 0.0311914 0.0207419 0.021316 0.0229694 0.0202855 0.0192466 0.0187592 0.00993247 0.00712745 0.00286713 0.00249798 0.0007811 0.030787 0.0300932 0.0303856 0.0296213 0.0313294 0.0270039 0.0258171 0.021711 0.0225666 0.0237265 0.0236846 0.0228383 0.0209445 0.018594 0.0203865 0.0202816 0.0209712 0.021716 0.0211184 0.0193602 0.0218187 0.0207351 0.0217734 0.0138987 0.012113 0.0108288 0.00594068 0.00567964 0.00564788 0.00452415 0.00194945 0.00157144 0.00207331 0.00215725 0.00203025 0.00181492 0.00188964 0.000705211 0.0312543 0.0307595 0.0315477 0.0306864 0.0305001 0.0290135 0.0288335 0.0286605 0.028725 0.0278348 0.0284228 0.0276339 0.0274836 0.0265202 0.026151 0.0263206 0.021925 0.0231477 0.021825 0.0207522 0.0213376 0.0217991 0.0195265 0.0219252 0.0216732 0.0218438 0.0211684 0.0218855 0.0141745 0.0163052 0.0123846 0.00721213 0.00595723 0.00551913 0.0049372 0.00526032 0.0013914 0.0318006 0.032638 0.029881 0.0310249 0.0281908 0.0287076 0.0269191 0.0221432 0.0228035 0.0218845 0.0221023 0.0224862 0.0212352 0.0210472 0.0198382 0.020206 0.0204356 0.0207469 0.0204729 0.0190673 0.0200721 0.016166 0.013566 0.013488 0.0104161 0.00983357 0.0090818 0.00685261 0.00523039 0.00553381 0.00462209 0.00595751 0.00428582 0.00166678 0.00180411 0.0298301 0.0271971 0.026995 0.0198167 0.0122525 0.0105963 0.00647772 0.00771247 0.00768922 0.00513307 0.00678057 0.0031105 0.00315302 0.000830147 0.000363695 0.0189063 0.0075036 0.00758943 0.00784821 0.00307983 0.0223836 0.0193983 0.00183628 0.00186059 0.0185395 0.00401746 0.00350041 0.0293182 0.0056068 0.00315418 0.000850006 0.0277977 0.0207242 0.0164611 0.0226826 0.0102394 0.0051185 0.00139651 0.00109159 0.00971406NOTICE: 
distance_sum 8.15576

-----------------------------------------------------------------------
90 stopni

INFO: HomogMatrix:
0.000796327  -1  0  0  1  0.000796327  0  0  0  0  1  0  

NOTICE: CloudTransformer::transform_xyzsift() saved

NOTICE: view number: 4
NOTICE: transformacja: 
 -0.857681  -0.161448   0.488178   0.214803
  -0.18919  -0.783734  -0.591581 -0.0377661
  0.478112  -0.599746   0.641649   0.234013
         0          0          0          1

NOTICE: distances: 

 0.104875 0.10514 0.103282 0.0921743 0.108865 0.0812063 0.100465 0.100513 0.0999757 0.0948982 0.0931724 0.10719 0.106469 0.0936575 0.0879401 0.0882404 0.0762588 0.0847234 0.0743159 0.0748071 0.0771833 0.0686153 0.0685516 0.0920159 0.107311 0.0961704 0.09378 0.0971418 0.101552 0.0914432 0.0917946 0.0916458 0.0904525 0.0740131 0.0758923 0.0850715 0.0752372 0.0810876 0.0791926 0.0835305 0.106294 0.102871 0.105033 0.0709935 0.077481 0.100458 0.0994393 0.102181 0.102484 0.0811169 0.094554 0.0745407 0.083193 0.074232 0.0913729 0.0917093 0.0805278 0.0812445 0.099748 0.100147 0.0996936 0.0799748 0.0801662 0.0746098 0.0740104 0.08291 0.0843538 0.0763999 0.0777938 0.109057 0.109918 0.107742 0.0935837 0.0938097 0.08743 0.0959302 0.0984411 0.0962377 0.0868929 0.0876958 0.096577 0.0969923 0.0929188 0.0900906 0.0894044 0.0917876 0.0908934 0.0980432 0.0968759 0.0854419 0.105476 0.079048 0.0787968 0.0926373 0.0835657 0.101399 0.100227 0.100758 0.0898708 0.0897184 0.0941655 0.0757913 0.0787514 0.0804142 0.0845041 0.0946133 0.0944734 0.0826202 0.0986044 0.0880883 0.0880325 0.0758495 0.0769315 0.0780205 0.0786258 0.0791159 0.0930347 0.102275 0.08613 0.0863587 0.0870407 0.0829736 0.0986248 0.0977855 0.106867 0.107984 0.0858747 0.0868467 0.0842288 0.0962172 0.0846389 0.0816137 0.0829895 0.0852396 0.104171 0.079358 0.0816543 0.0740348 0.0738555 0.073202 0.076377 0.0777751 0.0950558 0.091588 0.0832959 0.105918 0.0917049 0.0925937 0.0919883 0.0872651 0.0870593 0.0967457 0.0982024 0.102815 0.0755862 0.0762923 0.089878 0.100051 0.10061 0.100709 0.084428 0.0844631 0.0929485 0.0983318 0.0904103 0.0880592 0.100063 0.0846406 0.0926199 0.0926275 0.107127 0.0742248 0.088985 0.0808889 0.083593 0.122424 0.121142 0.123156 0.099249 0.0896767 0.102563 0.0896666 0.0858511 0.0876453 0.0989638 0.0954053 0.099609 0.100558 0.094194 0.0900335 0.0927164 0.0923853 0.101005 0.100438 0.100231 0.101858 0.103492 0.10329 0.0966152 0.0964576 0.0926975 0.0887901 0.088575 0.0872932 0.094234 0.0953938 0.0901601 0.0936234 0.0970261 0.09968 0.096527 0.0950334 0.0901537 0.098718 0.0980226 0.0960971 0.102915 0.0929858 0.0947663 0.095392 0.0910939 0.0910558 0.101239 0.101175 0.0933179 0.0932594 0.0931549 0.0973929 0.105264 0.0968956 0.0881874 0.0900597 0.0920992 0.099143 0.0966671 0.0968557 0.08973 0.0936066 0.102173 0.103429 0.0984514 0.0919571 0.0925391 0.0955686 0.0951835 0.100182 0.101154 0.0909933 0.0938898 0.100095 0.099073 0.0835576 0.0865519 0.0697808 0.0658152 0.0694582 0.0719329 0.0651576 0.0704501 0.068775 0.09161 0.0911114 0.0923089 0.0928496 0.0842597 0.0860493 0.081788 0.0823357 0.0842751 0.0804088 0.0827878 0.0816272 0.0835546 0.0669385 0.0636995 0.0643456 0.0694237 0.0686155 0.0645075 0.0638926 0.0783876 0.0681748 0.0650222 0.0647689 0.0889657 0.0864202 0.0881806 0.0910475 0.0848325 0.0842043 0.0844155 0.081754 0.0859651 0.0855393 0.0894204 0.0798476 0.0799174 0.0778142 0.0870685 0.0846408 0.0831626 0.0869162 0.0827502 0.0833335 0.0658418 0.0687607 0.0898491 0.0892864 0.0830045 0.0733007 0.0785967 0.068135 0.0689624 0.0654373 0.0656223 0.0614065 0.066258 0.0872832 0.0869658 0.0818284 0.084461 0.0882525 0.0792667 0.0665114 0.0650327 0.06367 0.0810194 0.0716206 0.0768007 0.0737658 0.0893371 0.113991 0.110274 0.107525 0.104729 0.118583 0.120732 0.112599 0.112014 0.104984 0.106954 0.110522 0.113003 0.1123 0.111097 0.106415 0.106577 0.100298 0.121056 0.119843 0.118348 0.11998 0.117828 0.116418 0.1179 0.121591 0.113361 0.107294 0.106703 0.105634 0.106558 0.115513 0.105978 0.107202 0.108003 0.104529 0.104499 0.111587 0.104898 0.105173 0.10395 0.112861 0.10615 0.113239 0.108799 0.101433 0.0986793 0.100057 0.0996789 0.0992377 0.098465 0.0982489 0.0988344 0.0980004 0.0982941 0.100583 0.120823 0.119535 0.119278 0.114552 0.115448 0.120564 0.120997 0.121845 0.123721 0.118178 0.117519 0.116001 0.118987 0.121432 0.119796 0.11815 0.115978 0.108006 0.112876 0.109447 0.108527 0.10367 0.116362 0.104463 0.105508 0.101949 0.101412 0.103613 0.110459 0.101373 0.107229 0.102949 0.100154 0.101774 0.100773 0.100059 0.0987295 0.120777 0.120017 0.116749 0.116114 0.121718 0.115358 0.121187 0.118656 0.118799 0.115632 0.111767 0.111007 0.113233 0.114251 0.115372 0.113679 0.112578 0.109643 0.110237 0.112452 0.1103 0.113928 0.102804 0.101607 0.104961 0.102624 0.104536 0.100622 0.100898 0.101061 0.102025 0.0989554 0.100544 0.101132 0.100268 0.123742 0.123502 0.117701 0.116267 0.104547 0.104402 0.105646 0.0997327 0.099838 0.103819 0.0993726 0.100173 0.0976818 0.0990142 0.098876 0.112071 0.102623 0.10093 0.101769 0.0983506 0.104135 0.107388 0.0993667 0.0982213 0.112029 0.101075 0.100481 0.11483 0.0987601 0.101535 0.103333 0.122787 0.115356 0.115037 0.10679 0.101442 0.104778 0.102937 0.099345 0.103738NOTICE: 
distance_sum 47.4655

